50 100 5
1 2 47
2 3 52
3 4 200
4 5 122
5 6 137
6 7 197
7 8 191
8 9 154
9 10 1
10 11 76
11 12 116
12 13 148
13 14 30
14 15 83
15 16 91
16 17 192
17 18 36
18 19 192
19 20 33
20 21 132
21 22 87
22 23 72
23 24 146
24 25 91
25 26 152
26 27 84
27 28 105
28 29 39
29 30 83
30 31 34
31 32 197
32 33 23
33 34 12
34 35 46
35 36 171
36 37 112
37 38 100
38 39 150
39 40 100
40 41 57
41 42 62
42 43 143
43 44 183
44 45 63
45 46 104
46 47 34
47 48 114
48 49 50
49 50 102
50 1 132
31 28 144
6 41 177
4 5 134
28 5 42
50 21 77
1 45 170
43 25 60
16 4 102
16 14 158
23 31 109
18 34 17
42 28 88
32 25 7
46 17 27
6 3 43
35 15 153
4 9 113
47 29 179
12 29 17
14 24 166
29 18 131
5 50 36
33 11 179
8 31 87
28 48 34
11 24 52
1 49 137
42 6 179
19 10 155
27 42 85
27 35 135
16 17 77
13 25 45
15 50 23
44 48 7
1 14 114
38 2 12
26 33 125
36 16 179
8 46 16
34 45 136
29 42 116
5 16 133
42 38 31
6 38 140
25 19 185
45 8 101
37 1 116
39 17 148
18 19 158
