50 100 5
1 2 79
2 3 184
3 4 108
4 5 28
5 6 78
6 7 31
7 8 137
8 9 113
9 10 52
10 11 196
11 12 146
12 13 194
13 14 123
14 15 105
15 16 50
16 17 166
17 18 60
18 19 129
19 20 41
20 21 125
21 22 117
22 23 199
23 24 43
24 25 10
25 26 72
26 27 152
27 28 132
28 29 60
29 30 68
30 31 25
31 32 188
32 33 94
33 34 69
34 35 76
35 36 29
36 37 127
37 38 48
38 39 157
39 40 5
40 41 151
41 42 102
42 43 156
43 44 127
44 45 49
45 46 179
46 47 49
47 48 47
48 49 132
49 50 85
50 1 63
14 17 68
26 6 177
30 2 134
12 9 178
28 21 124
28 35 123
23 32 184
46 29 94
30 13 159
39 46 160
20 40 200
41 6 184
17 27 53
34 7 44
47 46 117
21 19 196
34 26 110
6 23 60
2 40 44
31 28 9
21 28 65
45 50 161
5 37 167
11 13 177
30 48 191
31 11 102
5 3 77
1 10 129
48 16 176
35 17 20
6 27 27
43 28 39
23 17 135
49 50 67
4 35 145
39 48 100
14 19 71
24 14 62
4 22 83
38 11 193
47 48 145
40 35 171
31 42 57
7 49 9
13 28 126
30 28 116
29 35 146
18 39 164
38 19 41
41 15 29
