100 200 5
1 2 39
2 3 2
3 4 43
4 5 52
5 6 69
6 7 31
7 8 79
8 9 68
9 10 98
10 11 94
11 12 34
12 13 6
13 14 49
14 15 52
15 16 86
16 17 53
17 18 58
18 19 9
19 20 17
20 21 35
21 22 94
22 23 17
23 24 1
24 25 74
25 26 1
26 27 3
27 28 91
28 29 27
29 30 36
30 31 23
31 32 34
32 33 39
33 34 26
34 35 43
35 36 23
36 37 34
37 38 63
38 39 7
39 40 21
40 41 14
41 42 71
42 43 67
43 44 7
44 45 28
45 46 58
46 47 4
47 48 58
48 49 44
49 50 87
50 51 18
51 52 32
52 53 71
53 54 73
54 55 39
55 56 82
56 57 94
57 58 61
58 59 22
59 60 10
60 61 56
61 62 49
62 63 98
63 64 14
64 65 64
65 66 48
66 67 91
67 68 81
68 69 34
69 70 51
70 71 10
71 72 62
72 73 76
73 74 80
74 75 68
75 76 58
76 77 44
77 78 63
78 79 49
79 80 88
80 81 36
81 82 95
82 83 82
83 84 78
84 85 89
85 86 79
86 87 62
87 88 79
88 89 99
89 90 66
90 91 24
91 92 90
92 93 18
93 94 100
94 95 50
95 96 63
96 97 83
97 98 69
98 99 83
99 100 81
4 28 83
77 20 77
36 32 36
62 61 51
14 79 4
24 88 40
20 61 50
15 52 73
46 23 63
78 11 8
29 99 29
82 59 50
81 48 85
55 83 1
67 62 11
9 29 93
72 72 3
21 12 31
18 52 55
97 26 100
3 76 41
84 41 16
40 4 23
17 36 90
97 24 37
9 33 29
34 48 13
90 59 71
25 31 51
68 79 41
95 67 84
13 14 39
48 29 90
73 10 91
50 23 92
45 77 77
25 47 100
17 85 52
33 74 61
8 100 49
50 5 92
65 85 96
42 42 19
88 2 23
6 52 16
74 16 82
5 5 4
35 16 92
10 57 3
44 24 49
25 34 51
55 40 91
33 15 19
65 25 6
15 22 65
70 40 55
82 88 46
39 88 9
33 7 28
31 79 15
80 49 53
88 3 14
67 37 7
5 100 35
49 43 84
40 50 55
18 84 9
57 54 31
49 24 52
93 26 51
78 25 40
90 39 95
80 99 15
38 24 39
4 48 77
59 68 1
99 11 86
40 69 5
3 99 6
46 80 12
16 22 79
68 68 90
69 83 30
83 35 87
58 29 5
77 55 2
12 4 54
92 91 24
15 7 17
82 70 22
66 78 76
44 25 61
57 5 54
4 73 64
68 91 14
48 63 73
30 52 21
53 66 65
72 27 50
58 62 39
