50 100 5
1 2 85
2 3 58
3 4 39
4 5 9
5 6 76
6 7 55
7 8 92
8 9 78
9 10 3
10 11 30
11 12 4
12 13 53
13 14 49
14 15 47
15 16 54
16 17 22
17 18 17
18 19 40
19 20 86
20 21 1
21 22 52
22 23 52
23 24 17
24 25 82
25 26 100
26 27 57
27 28 66
28 29 37
29 30 54
30 31 59
31 32 71
32 33 85
33 34 72
34 35 26
35 36 64
36 37 30
37 38 50
38 39 81
39 40 16
40 41 88
41 42 100
42 43 13
43 44 2
44 45 98
45 46 39
46 47 96
47 48 29
48 49 60
49 50 82
50 1 70
23 32 94
29 46 15
3 29 62
37 26 70
50 47 32
5 33 16
3 32 26
18 47 60
35 49 8
5 49 50
30 16 58
29 35 78
3 32 95
15 2 54
38 24 16
16 10 55
48 11 57
16 30 56
40 35 63
6 13 62
17 47 79
21 30 17
39 6 84
8 22 53
11 49 41
15 50 19
6 28 93
18 12 15
30 12 37
11 45 25
31 48 76
43 45 18
14 50 32
14 9 31
15 2 15
10 17 10
43 3 14
32 29 17
22 33 38
7 20 25
35 11 52
22 9 4
31 18 85
38 47 58
13 37 3
37 29 33
28 1 53
26 34 21
42 46 70
13 28 92
