50 100 5
1 2 61
2 3 92
3 4 54
4 5 33
5 6 39
6 7 3
7 8 92
8 9 30
9 10 3
10 11 57
11 12 98
12 13 59
13 14 90
14 15 24
15 16 16
16 17 9
17 18 81
18 19 72
19 20 53
20 21 16
21 22 94
22 23 46
23 24 16
24 25 11
25 26 93
26 27 36
27 28 17
28 29 53
29 30 71
30 31 34
31 32 62
32 33 83
33 34 79
34 35 97
35 36 51
36 37 43
37 38 20
38 39 77
39 40 86
40 41 48
41 42 39
42 43 70
43 44 52
44 45 77
45 46 2
46 47 33
47 48 95
48 49 15
49 50 68
50 1 50
48 47 89
22 48 93
45 23 36
50 43 68
39 28 90
23 5 4
31 47 20
36 1 37
50 13 50
48 11 11
1 17 82
26 49 13
50 38 43
42 44 68
34 41 73
21 16 82
39 37 30
16 47 3
43 42 98
30 48 3
6 9 75
14 3 59
11 29 11
29 42 39
38 6 65
39 33 76
25 50 98
35 41 66
36 11 54
15 25 32
35 16 80
27 38 54
22 2 51
27 6 3
33 40 100
6 34 36
20 25 72
12 44 1
21 41 36
31 47 13
15 10 33
47 33 47
38 44 39
36 6 75
36 10 27
11 2 27
23 33 32
2 27 44
31 17 46
34 49 21
