50 100 5
1 2 100
2 3 24
3 4 73
4 5 48
5 6 12
6 7 32
7 8 100
8 9 79
9 10 2
10 11 74
11 12 16
12 13 46
13 14 53
14 15 80
15 16 52
16 17 50
17 18 49
18 19 34
19 20 88
20 21 32
21 22 78
22 23 63
23 24 13
24 25 41
25 26 58
26 27 8
27 28 35
28 29 98
29 30 75
30 31 100
31 32 94
32 33 78
33 34 91
34 35 42
35 36 23
36 37 60
37 38 89
38 39 42
39 40 10
40 41 45
41 42 62
42 43 13
43 44 96
44 45 22
45 46 67
46 47 49
47 48 15
48 49 23
49 50 47
1 1 6
17 49 10
50 26 62
40 50 48
43 38 76
6 44 11
43 31 72
42 42 36
14 39 50
38 43 46
31 40 69
42 12 35
32 46 57
7 43 16
29 6 31
10 24 72
49 19 48
3 26 97
33 30 27
20 26 26
30 30 96
21 12 7
35 32 31
9 24 99
2 26 22
30 4 88
2 7 32
48 26 27
38 48 40
16 30 91
16 29 39
50 35 13
19 50 35
29 4 34
1 28 82
3 20 39
44 3 52
14 19 15
37 16 27
13 17 8
44 16 93
16 13 44
33 7 32
2 36 37
42 14 12
18 31 77
14 18 70
34 19 2
38 4 53
40 42 95
