100 200 5
1 2 44
2 3 3
3 4 13
4 5 80
5 6 45
6 7 10
7 8 48
8 9 18
9 10 14
10 11 38
11 12 70
12 13 32
13 14 35
14 15 36
15 16 23
16 17 94
17 18 72
18 19 38
19 20 22
20 21 71
21 22 31
22 23 19
23 24 23
24 25 68
25 26 94
26 27 22
27 28 28
28 29 8
29 30 74
30 31 65
31 32 77
32 33 65
33 34 54
34 35 58
35 36 26
36 37 91
37 38 83
38 39 44
39 40 56
40 41 63
41 42 74
42 43 27
43 44 29
44 45 66
45 46 98
46 47 30
47 48 10
48 49 83
49 50 77
50 51 47
51 52 82
52 53 89
53 54 88
54 55 15
55 56 41
56 57 87
57 58 70
58 59 60
59 60 63
60 61 49
61 62 14
62 63 69
63 64 9
64 65 75
65 66 6
66 67 50
67 68 100
68 69 80
69 70 67
70 71 27
71 72 4
72 73 99
73 74 90
74 75 7
75 76 55
76 77 100
77 78 32
78 79 41
79 80 99
80 81 73
81 82 13
82 83 20
83 84 77
84 85 30
85 86 3
86 87 40
87 88 48
88 89 23
89 90 92
90 91 42
91 92 49
92 93 22
93 94 11
94 95 38
95 96 48
96 97 35
97 98 1
98 99 89
99 100 27
100 1 71
78 5 20
10 38 87
78 30 11
63 79 83
78 79 60
80 84 2
88 51 55
12 25 6
99 47 67
96 20 42
58 94 60
77 95 11
17 86 13
38 69 6
9 81 51
9 81 80
68 81 46
21 14 56
34 42 76
39 96 99
46 11 75
53 19 96
76 41 60
87 12 58
25 59 49
90 13 94
78 44 39
35 12 22
44 33 45
58 100 23
70 95 94
3 83 72
73 70 42
32 7 73
26 65 57
71 80 29
79 85 1
24 76 66
65 5 52
59 21 18
35 44 65
41 56 63
55 73 60
87 49 1
95 64 73
13 8 94
83 20 35
50 58 77
6 5 23
68 98 95
66 81 67
85 42 37
29 68 37
70 7 68
15 79 84
33 30 74
23 26 33
82 31 51
3 98 2
15 39 85
97 55 28
38 31 40
54 15 96
34 97 80
53 42 37
54 40 34
8 97 9
93 71 88
53 59 50
2 71 100
5 97 63
32 22 75
41 47 57
63 18 27
75 59 21
60 37 62
30 66 36
63 38 22
95 40 28
46 5 30
65 87 81
82 83 21
95 80 65
19 2 4
17 1 91
90 35 68
84 69 89
95 85 95
56 46 75
16 33 26
47 67 45
4 47 18
65 21 34
92 96 50
100 18 55
68 77 14
7 21 42
47 19 23
14 64 10
43 96 49
