50 100 5
1 2 81
2 3 71
3 4 83
4 5 96
5 6 58
6 7 82
7 8 7
8 9 57
9 10 1
10 11 36
11 12 9
12 13 30
13 14 41
14 15 53
15 16 60
16 17 59
17 18 28
18 19 24
19 20 91
20 21 30
21 22 88
22 23 45
23 24 43
24 25 52
25 26 100
26 27 73
27 28 94
28 29 74
29 30 69
30 31 48
31 32 26
32 33 69
33 34 21
34 35 32
35 36 22
36 37 63
37 38 21
38 39 67
39 40 45
40 41 36
41 42 18
42 43 61
43 44 1
44 45 45
45 46 62
46 47 61
47 48 61
48 49 10
49 50 34
50 1 7
31 50 50
26 48 81
15 3 18
48 10 76
27 1 45
14 20 78
48 36 98
47 13 92
29 15 54
49 35 3
13 11 21
1 17 60
34 31 90
49 47 44
39 1 6
38 41 46
26 29 49
46 43 41
27 10 89
22 37 63
29 37 95
24 16 30
48 3 78
29 41 100
42 11 99
21 45 55
37 40 95
45 37 63
6 40 92
9 17 50
22 47 70
4 34 61
44 29 64
42 26 40
31 29 64
21 11 37
10 1 48
28 36 43
9 16 14
20 4 19
10 36 67
24 25 15
9 7 33
10 18 35
48 23 73
26 32 62
43 20 36
21 42 26
29 30 76
50 38 90
