100 200 5
1 2 82
2 3 92
3 4 52
4 5 26
5 6 80
6 7 47
7 8 90
8 9 78
9 10 79
10 11 9
11 12 54
12 13 100
13 14 93
14 15 84
15 16 33
16 17 60
17 18 92
18 19 25
19 20 8
20 21 19
21 22 95
22 23 3
23 24 42
24 25 83
25 26 51
26 27 48
27 28 63
28 29 25
29 30 88
30 31 61
31 32 48
32 33 5
33 34 50
34 35 23
35 36 75
36 37 53
37 38 26
38 39 50
39 40 60
40 41 79
41 42 47
42 43 13
43 44 22
44 45 65
45 46 81
46 47 64
47 48 74
48 49 21
49 50 8
50 51 9
51 52 65
52 53 11
53 54 82
54 55 27
55 56 75
56 57 13
57 58 45
58 59 35
59 60 53
60 61 49
61 62 64
62 63 18
63 64 97
64 65 64
65 66 3
66 67 86
67 68 42
68 69 86
69 70 2
70 71 62
71 72 75
72 73 19
73 74 82
74 75 4
75 76 78
76 77 25
77 78 73
78 79 90
79 80 38
80 81 3
81 82 2
82 83 11
83 84 28
84 85 6
85 86 73
86 87 70
87 88 61
88 89 5
89 90 26
90 91 80
91 92 80
92 93 94
93 94 25
94 95 27
95 96 99
96 97 27
97 98 14
98 99 53
99 100 68
52 19 93
66 58 40
44 83 12
45 46 6
39 11 24
70 61 55
41 91 69
46 41 36
64 87 34
69 83 17
26 24 76
83 83 28
3 37 60
63 100 58
45 2 3
80 74 90
42 20 44
4 38 21
54 9 61
94 100 14
43 45 2
18 55 12
52 74 48
95 63 49
69 13 20
57 92 83
6 85 32
2 60 77
58 24 52
26 23 59
51 2 48
43 91 68
51 75 47
66 95 74
40 95 60
40 6 97
72 32 35
64 98 39
84 21 33
23 6 14
36 8 72
91 43 60
38 47 23
83 1 59
27 73 3
89 84 14
69 99 49
64 58 64
40 19 99
80 3 90
10 88 78
73 79 74
79 39 13
11 3 28
88 30 85
57 22 66
78 27 67
73 37 98
86 36 72
28 11 90
34 40 22
43 41 8
18 64 30
30 29 2
51 63 10
62 9 71
80 92 34
19 89 54
71 3 51
25 95 47
22 63 7
20 47 97
10 100 88
28 72 82
58 61 83
94 73 37
34 64 58
23 60 5
100 73 10
24 20 69
77 38 8
97 9 53
17 36 2
19 26 89
70 94 95
1 24 82
17 46 20
62 75 20
32 44 39
85 28 78
74 13 19
16 34 72
100 95 62
65 33 48
56 37 63
28 14 13
80 59 27
63 39 4
48 43 73
42 11 85
