100 200 5
1 2 73
2 3 34
3 4 52
4 5 52
5 6 68
6 7 41
7 8 98
8 9 61
9 10 19
10 11 15
11 12 29
12 13 58
13 14 8
14 15 71
15 16 30
16 17 73
17 18 4
18 19 52
19 20 10
20 21 70
21 22 51
22 23 10
23 24 67
24 25 35
25 26 90
26 27 1
27 28 37
28 29 60
29 30 9
30 31 61
31 32 86
32 33 67
33 34 78
34 35 98
35 36 11
36 37 39
37 38 96
38 39 65
39 40 84
40 41 99
41 42 90
42 43 72
43 44 86
44 45 12
45 46 25
46 47 10
47 48 55
48 49 49
49 50 48
50 51 68
51 52 42
52 53 9
53 54 94
54 55 18
55 56 62
56 57 25
57 58 82
58 59 76
59 60 26
60 61 84
61 62 79
62 63 59
63 64 45
64 65 91
65 66 98
66 67 37
67 68 98
68 69 92
69 70 76
70 71 69
71 72 21
72 73 44
73 74 5
74 75 66
75 76 71
76 77 27
77 78 44
78 79 98
79 80 96
80 81 76
81 82 99
82 83 71
83 84 2
84 85 70
85 86 23
86 87 96
87 88 9
88 89 49
89 90 6
90 91 2
91 92 94
92 93 17
93 94 77
94 95 98
95 96 18
96 97 85
97 98 5
98 99 42
99 100 74
100 1 35
77 53 23
57 5 79
47 19 98
22 89 89
100 27 67
51 97 49
85 48 93
79 10 1
4 98 80
7 41 98
45 52 26
50 44 46
83 96 23
72 79 24
41 84 56
73 95 85
12 6 67
52 56 51
39 30 20
43 83 8
67 84 85
69 18 30
54 89 47
39 93 69
6 54 59
76 99 14
84 39 83
27 49 88
47 37 82
99 44 73
59 53 99
27 30 45
44 58 90
24 42 58
72 49 6
25 52 93
89 42 71
93 89 54
72 12 52
36 73 11
67 22 76
72 96 83
60 16 88
61 27 48
97 8 72
80 77 16
71 48 21
72 93 23
85 1 19
43 25 5
57 84 66
92 12 63
18 51 55
44 52 97
55 86 16
48 35 71
52 75 9
79 53 82
77 83 29
66 69 77
22 84 25
88 94 38
36 65 15
69 2 18
70 96 27
26 23 4
97 77 87
68 80 56
83 20 17
77 14 92
26 56 4
24 46 26
17 83 70
92 64 5
98 66 25
39 79 94
90 92 15
11 2 46
62 25 87
70 35 18
89 8 62
8 7 68
64 35 37
55 27 73
22 31 39
18 74 46
16 77 65
2 6 71
32 63 44
44 21 34
25 54 38
71 1 89
36 64 99
98 29 61
28 76 40
45 55 4
100 47 4
87 52 62
83 79 81
37 75 49
