100 200 5
1 2 18
2 3 31
3 4 13
4 5 81
5 6 91
6 7 66
7 8 37
8 9 64
9 10 30
10 11 18
11 12 82
12 13 58
13 14 12
14 15 85
15 16 57
16 17 18
17 18 9
18 19 57
19 20 100
20 21 71
21 22 8
22 23 75
23 24 7
24 25 4
25 26 58
26 27 22
27 28 69
28 29 35
29 30 23
30 31 66
31 32 2
32 33 81
33 34 54
34 35 27
35 36 99
36 37 84
37 38 69
38 39 9
39 40 73
40 41 30
41 42 9
42 43 73
43 44 17
44 45 93
45 46 42
46 47 12
47 48 61
48 49 93
49 50 85
50 51 89
51 52 64
52 53 63
53 54 5
54 55 53
55 56 99
56 57 97
57 58 46
58 59 56
59 60 41
60 61 11
61 62 45
62 63 56
63 64 65
64 65 99
65 66 42
66 67 41
67 68 86
68 69 67
69 70 70
70 71 41
71 72 79
72 73 4
73 74 10
74 75 21
75 76 41
76 77 22
77 78 52
78 79 49
79 80 45
80 81 91
81 82 45
82 83 64
83 84 64
84 85 52
85 86 60
86 87 59
87 88 22
88 89 57
89 90 99
90 91 28
91 92 19
92 93 8
93 94 95
94 95 58
95 96 79
96 97 86
97 98 57
98 99 69
99 100 91
100 1 19
100 74 44
51 24 3
42 3 51
66 24 5
50 3 83
63 48 85
41 31 51
95 15 36
39 99 92
94 42 29
87 60 33
45 70 53
25 70 82
4 29 98
94 16 23
4 67 83
73 30 58
66 28 83
50 82 81
35 12 71
48 77 2
29 27 21
90 22 17
11 80 44
6 30 25
25 93 25
82 63 44
68 55 90
86 20 83
91 66 61
4 1 89
65 18 29
14 86 69
84 63 45
67 94 9
62 15 12
93 66 90
90 69 21
99 31 77
70 11 54
75 31 100
28 36 40
37 73 69
3 76 14
39 98 23
59 89 99
61 88 20
39 5 33
32 44 81
87 63 82
27 74 30
56 77 80
46 68 13
37 41 12
44 74 58
37 46 36
49 21 12
61 8 49
48 5 84
8 70 69
20 92 73
70 29 72
13 30 34
59 95 74
97 12 1
40 22 95
91 81 24
70 23 8
42 61 23
47 37 90
91 39 85
87 78 43
92 64 72
27 26 30
47 45 43
87 10 91
18 62 70
60 65 83
30 65 99
39 52 23
24 99 71
59 82 48
51 37 3
33 64 30
90 50 47
95 27 11
91 87 44
18 12 2
15 62 49
85 56 24
45 20 27
95 77 80
10 69 34
98 27 57
44 75 13
36 64 83
45 41 90
79 81 42
98 48 94
34 41 38
