50 100 5
1 2 61
2 3 83
3 4 46
4 5 89
5 6 93
6 7 39
7 8 91
8 9 65
9 10 3
10 11 29
11 12 75
12 13 19
13 14 36
14 15 73
15 16 85
16 17 99
17 18 5
18 19 50
19 20 69
20 21 50
21 22 64
22 23 12
23 24 79
24 25 54
25 26 71
26 27 10
27 28 16
28 29 100
29 30 19
30 31 99
31 32 57
32 33 10
33 34 73
34 35 18
35 36 8
36 37 2
37 38 17
38 39 87
39 40 91
40 41 99
41 42 10
42 43 77
43 44 40
44 45 59
45 46 73
46 47 44
47 48 84
48 49 50
49 50 15
50 1 47
38 19 13
30 4 57
44 42 39
11 2 49
10 13 98
37 38 2
30 24 26
3 22 70
22 38 26
19 34 10
37 17 33
44 2 78
3 48 1
16 8 53
50 27 46
27 36 78
34 27 64
4 21 39
47 50 7
17 6 45
36 9 64
11 15 49
26 28 35
42 22 99
40 28 51
34 48 47
25 35 16
19 2 34
48 12 78
9 12 46
45 41 10
47 9 39
46 14 56
8 9 79
18 11 87
50 10 81
13 25 65
6 22 78
26 47 5
26 43 77
30 18 31
32 46 73
20 21 86
32 43 3
12 49 10
38 20 72
8 49 96
32 27 99
33 36 57
24 47 89
