50 100 5
1 2 53
2 3 96
3 4 99
4 5 15
5 6 74
6 7 96
7 8 50
8 9 54
9 10 95
10 11 28
11 12 91
12 13 22
13 14 1
14 15 95
15 16 2
16 17 23
17 18 16
18 19 38
19 20 73
20 21 41
21 22 35
22 23 51
23 24 4
24 25 48
25 26 69
26 27 54
27 28 41
28 29 68
29 30 55
30 31 59
31 32 83
32 33 92
33 34 26
34 35 62
35 36 83
36 37 13
37 38 88
38 39 56
39 40 13
40 41 77
41 42 35
42 43 20
43 44 58
44 45 85
45 46 20
46 47 37
47 48 17
48 49 48
49 50 85
50 1 94
18 8 77
11 8 18
14 32 89
24 43 67
21 19 78
22 20 75
2 23 87
11 4 14
5 4 54
3 50 57
30 25 9
17 23 98
27 24 79
34 20 47
20 46 1
5 33 72
19 42 55
11 23 34
34 16 59
46 18 34
43 3 24
21 36 43
42 19 13
7 50 20
46 50 91
8 17 91
30 43 71
27 46 1
33 16 46
35 42 45
9 30 93
44 5 58
47 7 23
7 15 83
14 50 48
21 41 91
3 40 76
21 12 40
43 41 93
48 50 83
22 35 51
48 29 16
37 5 56
15 26 90
1 20 84
28 37 10
25 2 93
3 30 84
27 48 88
25 45 20
