50 100 5
1 2 154
2 3 29
3 4 143
4 5 2
5 6 148
6 7 77
7 8 97
8 9 48
9 10 65
10 11 83
11 12 61
12 13 40
13 14 188
14 15 154
15 16 178
16 17 42
17 18 171
18 19 173
19 20 38
20 21 9
21 22 131
22 23 113
23 24 152
24 25 200
25 26 119
26 27 14
27 28 98
28 29 94
29 30 105
30 31 114
31 32 187
32 33 64
33 34 138
34 35 40
35 36 109
36 37 164
37 38 195
38 39 104
39 40 93
40 41 6
41 42 15
42 43 85
43 44 142
44 45 124
45 46 179
46 47 102
47 48 5
48 49 134
49 50 87
50 1 78
2 36 132
41 20 114
41 7 178
49 36 57
15 18 32
39 29 111
40 23 26
16 38 92
41 39 63
34 38 132
35 37 76
5 28 7
43 16 108
31 29 36
11 16 164
17 46 169
33 41 114
41 45 88
2 21 93
32 30 80
15 41 99
27 43 69
18 11 14
35 24 32
29 21 78
39 7 65
1 49 34
17 34 165
25 24 158
5 36 191
8 50 71
50 4 156
42 41 43
39 46 71
33 49 140
30 33 40
34 50 9
15 9 151
48 24 9
6 50 7
28 23 35
39 30 78
9 21 96
41 7 55
3 10 67
15 34 168
45 13 9
40 50 112
9 21 132
28 18 106
