100 200 5
1 2 77
2 3 41
3 4 64
4 5 44
5 6 73
6 7 70
7 8 28
8 9 90
9 10 34
10 11 87
11 12 28
12 13 35
13 14 7
14 15 81
15 16 95
16 17 96
17 18 56
18 19 65
19 20 8
20 21 77
21 22 87
22 23 86
23 24 66
24 25 40
25 26 8
26 27 84
27 28 77
28 29 12
29 30 17
30 31 19
31 32 20
32 33 37
33 34 29
34 35 90
35 36 94
36 37 8
37 38 80
38 39 71
39 40 54
40 41 51
41 42 17
42 43 67
43 44 31
44 45 49
45 46 51
46 47 30
47 48 87
48 49 18
49 50 31
50 51 66
51 52 10
52 53 84
53 54 13
54 55 56
55 56 21
56 57 17
57 58 90
58 59 97
59 60 45
60 61 90
61 62 79
62 63 20
63 64 61
64 65 23
65 66 81
66 67 34
67 68 83
68 69 37
69 70 73
70 71 60
71 72 68
72 73 92
73 74 12
74 75 2
75 76 1
76 77 55
77 78 86
78 79 74
79 80 7
80 81 82
81 82 87
82 83 23
83 84 18
84 85 57
85 86 40
86 87 35
87 88 6
88 89 48
89 90 37
90 91 43
91 92 3
92 93 52
93 94 79
94 95 56
95 96 48
96 97 40
97 98 55
98 99 39
99 100 87
100 1 39
40 58 66
99 23 37
72 50 98
81 43 74
26 53 70
7 5 87
87 9 61
69 14 58
33 44 69
71 35 3
18 52 26
21 73 81
77 46 75
2 91 74
98 16 84
32 82 25
28 77 58
6 98 35
30 10 72
62 80 21
57 87 26
15 23 26
38 12 88
6 43 19
64 5 83
15 32 72
96 54 39
66 77 50
75 83 29
52 22 47
38 26 64
45 3 12
30 91 30
98 57 10
11 29 91
74 68 36
88 72 45
86 70 29
68 18 83
89 80 64
98 94 67
70 46 3
31 5 67
63 85 5
39 65 17
63 58 91
88 22 48
52 4 14
52 96 13
71 82 94
58 73 49
79 61 69
21 22 55
29 50 5
37 87 10
98 25 55
54 35 11
58 74 25
22 86 40
73 22 61
9 60 25
96 74 12
66 97 31
45 32 90
66 11 24
35 63 24
11 21 14
5 85 100
87 84 18
42 10 74
90 3 100
34 46 32
84 67 28
8 91 65
19 52 36
29 16 8
7 39 35
17 27 70
74 55 11
11 44 62
59 26 62
91 58 41
65 10 57
98 97 19
83 69 52
57 89 1
14 25 65
38 81 35
71 77 96
56 71 19
93 62 25
60 16 72
41 4 79
92 24 27
82 77 18
29 70 36
16 55 52
36 21 62
49 69 60
95 51 77
