50 100 5
1 2 63
2 3 35
3 4 44
4 5 56
5 6 45
6 7 1
7 8 55
8 9 17
9 10 71
10 11 86
11 12 88
12 13 51
13 14 13
14 15 39
15 16 26
16 17 51
17 18 3
18 19 87
19 20 13
20 21 28
21 22 22
22 23 43
23 24 6
24 25 89
25 26 93
26 27 41
27 28 87
28 29 32
29 30 30
30 31 96
31 32 33
32 33 82
33 34 91
34 35 86
35 36 52
36 37 90
37 38 81
38 39 8
39 40 51
40 41 1
41 42 78
42 43 14
43 44 68
44 45 33
45 46 63
46 47 69
47 48 60
48 49 40
49 50 90
50 1 81
26 44 28
24 12 58
6 33 74
5 17 40
18 5 71
25 43 72
15 21 3
35 19 37
37 27 59
47 37 61
31 18 78
22 42 32
19 30 37
26 23 92
7 28 85
5 39 27
47 24 46
2 6 100
22 13 48
39 44 94
42 3 34
17 45 99
14 38 3
37 8 59
50 22 92
28 27 58
18 37 40
32 11 83
21 37 30
17 32 84
3 44 89
39 6 28
31 7 100
17 29 14
10 44 68
11 35 55
12 37 100
38 36 5
23 20 45
9 48 96
16 19 48
45 39 21
20 38 72
40 11 69
48 7 20
49 26 87
46 2 67
4 6 63
34 48 97
46 37 82
