100 200 5
1 2 61
2 3 94
3 4 46
4 5 72
5 6 74
6 7 49
7 8 23
8 9 32
9 10 27
10 11 89
11 12 89
12 13 25
13 14 83
14 15 79
15 16 89
16 17 4
17 18 88
18 19 44
19 20 64
20 21 71
21 22 59
22 23 84
23 24 99
24 25 70
25 26 42
26 27 41
27 28 79
28 29 19
29 30 74
30 31 34
31 32 76
32 33 18
33 34 19
34 35 30
35 36 81
36 37 72
37 38 43
38 39 65
39 40 40
40 41 99
41 42 59
42 43 82
43 44 67
44 45 64
45 46 18
46 47 74
47 48 43
48 49 26
49 50 16
50 51 10
51 52 55
52 53 98
53 54 27
54 55 62
55 56 97
56 57 49
57 58 76
58 59 38
59 60 61
60 61 2
61 62 26
62 63 72
63 64 69
64 65 80
65 66 62
66 67 10
67 68 57
68 69 75
69 70 25
70 71 88
71 72 79
72 73 11
73 74 94
74 75 89
75 76 37
76 77 77
77 78 29
78 79 82
79 80 48
80 81 96
81 82 11
82 83 95
83 84 50
84 85 12
85 86 8
86 87 98
87 88 80
88 89 47
89 90 46
90 91 97
91 92 19
92 93 60
93 94 57
94 95 34
95 96 27
96 97 65
97 98 40
98 99 28
99 100 52
100 1 15
16 58 84
75 45 68
80 69 56
73 58 89
24 54 8
74 55 66
72 76 94
85 20 98
33 66 18
9 99 94
56 22 41
81 39 83
72 10 36
6 95 29
19 86 38
88 95 19
62 10 2
16 26 44
53 35 80
60 100 59
55 88 27
75 61 58
5 40 80
65 98 64
49 45 20
84 48 13
99 84 62
26 20 27
67 45 53
3 43 6
49 38 24
72 99 52
10 92 43
86 87 5
77 64 60
13 88 61
89 44 74
81 6 54
69 21 55
7 1 30
95 84 32
54 55 65
44 26 33
41 44 89
17 32 55
13 84 40
46 88 3
5 84 96
36 97 76
90 96 36
84 88 75
28 62 13
10 62 55
5 12 100
30 35 1
44 86 24
35 96 6
95 39 8
52 91 97
74 28 1
76 59 42
36 70 13
89 96 45
78 95 37
81 10 3
87 68 98
73 83 95
21 39 3
45 4 96
81 97 61
2 33 9
67 91 94
40 32 24
17 59 1
7 69 27
45 64 79
91 92 20
87 56 52
20 35 85
71 74 8
41 14 83
25 7 80
33 2 54
98 10 18
84 42 56
90 21 46
78 84 100
94 74 87
24 51 40
1 96 35
6 36 16
1 6 85
23 29 20
10 51 69
69 37 7
91 9 60
8 76 95
78 38 39
1 79 36
68 19 54
