50 100 5
1 2 130
2 3 38
3 4 166
4 5 83
5 6 151
6 7 51
7 8 14
8 9 42
9 10 173
10 11 44
11 12 125
12 13 69
13 14 162
14 15 181
15 16 90
16 17 130
17 18 42
18 19 118
19 20 132
20 21 127
21 22 82
22 23 38
23 24 140
24 25 153
25 26 193
26 27 54
27 28 143
28 29 4
29 30 144
30 31 171
31 32 130
32 33 164
33 34 4
34 35 134
35 36 29
36 37 155
37 38 178
38 39 52
39 40 179
40 41 90
41 42 186
42 43 95
43 44 99
44 45 29
45 46 49
46 47 142
47 48 45
48 49 60
49 50 153
50 1 170
19 44 45
19 42 11
40 33 193
16 10 120
1 25 191
19 11 31
37 44 20
44 3 65
17 12 84
3 37 77
10 30 55
33 36 126
38 1 125
22 33 116
45 49 131
24 19 138
44 38 143
26 48 31
45 47 153
33 19 149
30 24 45
20 42 103
33 44 66
23 15 106
16 36 162
45 13 49
3 36 151
48 36 197
34 9 66
4 38 74
39 1 131
48 40 13
2 25 58
33 35 127
46 7 191
14 42 91
16 23 41
37 44 81
14 46 174
23 6 31
21 12 171
9 15 141
44 29 173
42 47 63
25 26 126
29 18 104
19 2 34
33 20 44
36 35 122
21 3 41
