50 100 5
1 2 100
2 3 39
3 4 23
4 5 33
5 6 4
6 7 93
7 8 51
8 9 34
9 10 18
10 11 37
11 12 56
12 13 5
13 14 33
14 15 46
15 16 70
16 17 53
17 18 88
18 19 76
19 20 14
20 21 8
21 22 23
22 23 22
23 24 85
24 25 33
25 26 11
26 27 37
27 28 51
28 29 35
29 30 54
30 31 37
31 32 63
32 33 18
33 34 96
34 35 30
35 36 41
36 37 62
37 38 84
38 39 40
39 40 60
40 41 87
41 42 69
42 43 68
43 44 42
44 45 58
45 46 38
46 47 60
47 48 73
48 49 82
49 50 27
50 1 13
23 26 77
5 20 82
25 39 54
44 5 22
10 47 53
22 28 61
8 50 78
18 14 97
23 2 66
14 6 34
34 50 51
17 37 69
20 48 24
6 43 64
30 31 40
18 10 53
34 25 80
27 13 20
27 4 93
34 45 94
1 20 56
45 38 59
13 29 85
22 19 88
31 26 76
4 31 3
46 26 51
37 39 79
48 25 35
43 44 54
49 2 97
43 38 24
41 14 40
14 35 29
43 21 17
27 50 21
49 48 89
33 36 5
22 21 96
39 3 41
32 30 86
37 46 23
41 11 75
47 30 53
17 43 22
26 28 33
9 30 5
48 24 60
50 44 39
34 10 14
