100 200 5
1 2 70
2 3 3
3 4 2
4 5 11
5 6 2
6 7 99
7 8 49
8 9 52
9 10 49
10 11 19
11 12 55
12 13 16
13 14 11
14 15 90
15 16 44
16 17 81
17 18 99
18 19 48
19 20 13
20 21 65
21 22 7
22 23 37
23 24 36
24 25 100
25 26 36
26 27 70
27 28 47
28 29 43
29 30 74
30 31 49
31 32 3
32 33 80
33 34 34
34 35 80
35 36 65
36 37 62
37 38 72
38 39 70
39 40 95
40 41 60
41 42 29
42 43 3
43 44 97
44 45 87
45 46 26
46 47 85
47 48 6
48 49 100
49 50 80
50 51 56
51 52 57
52 53 53
53 54 59
54 55 64
55 56 49
56 57 98
57 58 13
58 59 52
59 60 99
60 61 30
61 62 38
62 63 55
63 64 25
64 65 47
65 66 73
66 67 1
67 68 100
68 69 5
69 70 52
70 71 38
71 72 60
72 73 65
73 74 9
74 75 18
75 76 38
76 77 13
77 78 45
78 79 21
79 80 14
80 81 97
81 82 40
82 83 95
83 84 3
84 85 11
85 86 9
86 87 51
87 88 79
88 89 21
89 90 74
90 91 95
91 92 16
92 93 12
93 94 30
94 95 78
95 96 54
96 97 66
97 98 54
98 99 90
99 100 88
100 1 81
87 10 19
63 26 9
71 90 2
83 27 96
5 24 85
92 22 43
76 92 85
17 99 7
28 49 79
18 50 46
33 97 73
1 96 19
65 19 3
72 9 4
66 45 49
68 39 1
79 97 36
5 10 66
88 3 29
40 27 32
62 31 55
2 98 38
19 40 48
10 4 88
24 53 83
6 81 30
94 5 54
83 12 21
6 29 96
36 8 15
8 47 79
69 24 100
29 98 56
94 15 40
58 1 82
80 30 61
38 91 46
58 28 35
21 26 53
73 32 86
79 81 79
1 8 38
72 6 22
7 76 60
60 47 2
93 72 25
95 46 16
82 100 71
41 40 43
56 60 81
80 73 79
30 23 96
10 38 64
30 71 16
90 11 78
26 63 33
68 31 50
10 26 93
78 23 76
49 28 66
73 60 96
55 77 19
30 32 86
12 1 39
93 70 22
71 16 29
69 48 2
14 83 3
77 61 21
72 58 11
13 27 70
99 15 82
1 70 65
34 12 67
27 62 24
60 37 43
95 56 49
91 83 83
95 76 97
63 19 70
92 37 63
86 51 12
64 48 89
82 95 87
92 99 28
33 41 6
18 35 36
71 52 65
17 59 92
72 7 81
40 43 87
51 57 11
97 55 27
94 59 87
37 100 9
16 76 47
47 80 48
21 67 88
76 16 18
26 20 51
