100 200 5
1 2 82
2 3 33
3 4 8
4 5 68
5 6 3
6 7 62
7 8 41
8 9 59
9 10 42
10 11 90
11 12 14
12 13 45
13 14 86
14 15 33
15 16 94
16 17 83
17 18 48
18 19 93
19 20 36
20 21 90
21 22 84
22 23 90
23 24 54
24 25 91
25 26 97
26 27 45
27 28 30
28 29 10
29 30 68
30 31 37
31 32 26
32 33 84
33 34 2
34 35 51
35 36 52
36 37 78
37 38 79
38 39 76
39 40 44
40 41 19
41 42 46
42 43 11
43 44 89
44 45 39
45 46 30
46 47 20
47 48 4
48 49 49
49 50 58
50 51 28
51 52 83
52 53 72
53 54 86
54 55 66
55 56 38
56 57 53
57 58 28
58 59 4
59 60 23
60 61 8
61 62 86
62 63 28
63 64 54
64 65 3
65 66 20
66 67 18
67 68 80
68 69 44
69 70 84
70 71 92
71 72 31
72 73 93
73 74 2
74 75 41
75 76 91
76 77 41
77 78 48
78 79 55
79 80 37
80 81 62
81 82 77
82 83 26
83 84 28
84 85 52
85 86 90
86 87 72
87 88 22
88 89 99
89 90 34
90 91 46
91 92 28
92 93 26
93 94 84
94 95 57
95 96 50
96 97 82
97 98 41
98 99 26
99 100 50
46 26 57
83 12 95
80 71 72
37 91 50
44 51 89
20 51 24
61 93 26
23 26 95
22 8 68
64 85 54
78 61 30
28 28 98
90 99 74
36 30 69
90 75 27
22 1 14
21 42 99
90 20 36
51 98 30
95 80 67
72 18 14
70 80 89
28 2 4
86 85 47
28 56 25
64 42 23
37 16 5
60 59 54
91 29 89
2 93 65
52 15 18
72 30 65
94 72 73
66 76 1
4 86 15
31 76 64
81 1 5
37 9 98
37 78 22
59 69 35
12 56 29
45 98 30
80 66 88
94 62 14
5 14 93
98 9 51
12 97 98
66 96 14
64 87 42
19 48 90
43 55 15
29 46 52
25 79 83
76 76 51
86 56 16
68 58 85
31 63 27
99 52 42
91 42 36
40 13 77
37 13 13
74 59 98
70 49 64
29 17 78
97 14 1
92 86 99
91 30 38
87 44 15
99 48 72
4 63 41
51 46 53
53 92 52
25 27 35
14 89 14
54 72 5
93 35 18
37 87 68
57 14 35
17 45 11
56 47 42
64 71 45
6 4 92
50 29 26
50 3 32
81 16 34
88 14 41
41 67 98
27 10 97
61 96 64
81 55 93
82 3 97
86 53 26
34 67 55
97 6 71
62 50 38
77 91 73
86 48 55
49 38 36
54 28 95
30 85 78
