50 100 5
1 2 97
2 3 30
3 4 23
4 5 78
5 6 45
6 7 14
7 8 58
8 9 88
9 10 46
10 11 43
11 12 29
12 13 7
13 14 68
14 15 41
15 16 20
16 17 92
17 18 15
18 19 6
19 20 6
20 21 93
21 22 66
22 23 33
23 24 86
24 25 94
25 26 51
26 27 32
27 28 98
28 29 62
29 30 98
30 31 72
31 32 35
32 33 51
33 34 15
34 35 27
35 36 1
36 37 67
37 38 18
38 39 47
39 40 68
40 41 43
41 42 100
42 43 8
43 44 36
44 45 62
45 46 34
46 47 2
47 48 35
48 49 91
49 50 1
50 1 91
50 9 41
44 50 78
38 47 11
12 33 16
42 3 19
3 2 64
48 23 54
40 49 28
43 19 18
37 15 36
29 48 11
35 14 63
40 34 38
24 11 25
6 11 51
34 38 49
45 2 63
35 25 54
37 26 54
16 50 71
44 26 80
47 28 10
22 36 39
41 25 64
40 28 27
3 31 36
40 50 84
34 50 15
40 29 40
31 44 30
32 14 42
19 8 45
3 20 75
43 7 68
49 41 60
35 26 99
49 15 14
10 9 70
3 32 66
40 15 35
10 49 81
18 12 93
14 20 3
44 10 97
49 26 66
9 40 41
28 15 28
1 13 44
12 40 5
4 45 76
