50 100 5
1 2 40
2 3 59
3 4 91
4 5 56
5 6 85
6 7 29
7 8 49
8 9 84
9 10 26
10 11 27
11 12 75
12 13 64
13 14 16
14 15 59
15 16 6
16 17 80
17 18 10
18 19 58
19 20 12
20 21 54
21 22 77
22 23 78
23 24 26
24 25 59
25 26 28
26 27 76
27 28 33
28 29 87
29 30 68
30 31 6
31 32 43
32 33 25
33 34 80
34 35 83
35 36 86
36 37 5
37 38 12
38 39 80
39 40 73
40 41 80
41 42 69
42 43 97
43 44 90
44 45 4
45 46 95
46 47 36
47 48 53
48 49 69
49 50 63
25 18 95
2 3 86
30 39 63
43 14 10
9 21 73
37 38 73
34 16 3
48 17 77
17 35 90
15 17 83
6 23 18
1 38 38
44 34 43
7 33 22
14 5 51
7 42 99
45 29 59
3 43 17
4 16 11
22 16 15
7 29 35
41 34 58
28 35 26
37 41 87
16 31 13
34 31 43
43 41 60
34 21 60
14 30 79
37 11 41
20 6 62
34 19 51
26 45 80
35 28 67
12 15 9
5 6 99
23 44 74
30 38 84
22 11 11
2 22 1
11 32 4
8 8 21
9 6 59
34 11 34
44 10 52
19 38 2
9 1 28
20 45 16
23 45 79
8 38 70
