100 200 5
1 2 73
2 3 3
3 4 52
4 5 89
5 6 17
6 7 4
7 8 2
8 9 5
9 10 67
10 11 24
11 12 18
12 13 28
13 14 89
14 15 3
15 16 1
16 17 95
17 18 9
18 19 40
19 20 27
20 21 41
21 22 71
22 23 48
23 24 12
24 25 57
25 26 9
26 27 87
27 28 16
28 29 86
29 30 87
30 31 19
31 32 79
32 33 89
33 34 92
34 35 49
35 36 13
36 37 2
37 38 90
38 39 51
39 40 54
40 41 68
41 42 49
42 43 47
43 44 1
44 45 64
45 46 87
46 47 39
47 48 66
48 49 9
49 50 38
50 51 31
51 52 76
52 53 75
53 54 99
54 55 33
55 56 83
56 57 40
57 58 89
58 59 66
59 60 28
60 61 42
61 62 63
62 63 46
63 64 1
64 65 15
65 66 26
66 67 18
67 68 45
68 69 29
69 70 15
70 71 70
71 72 42
72 73 66
73 74 49
74 75 91
75 76 69
76 77 91
77 78 92
78 79 88
79 80 51
80 81 6
81 82 46
82 83 71
83 84 35
84 85 99
85 86 21
86 87 77
87 88 14
88 89 54
89 90 12
90 91 99
91 92 99
92 93 85
93 94 48
94 95 84
95 96 92
96 97 51
97 98 99
98 99 87
99 100 29
100 1 41
58 42 39
64 62 95
69 17 16
22 55 86
15 10 68
72 40 45
78 56 20
2 37 43
41 96 74
42 54 99
48 67 54
58 91 13
85 74 51
24 10 98
86 73 56
10 25 38
24 25 23
60 58 90
62 26 60
1 37 78
39 61 93
54 11 37
17 83 39
95 90 79
64 79 38
48 91 17
60 35 6
22 38 44
58 26 31
56 80 80
45 93 66
96 82 37
28 38 74
19 10 89
20 42 5
51 47 71
18 65 17
99 17 82
66 83 97
99 35 32
50 89 24
2 58 98
10 57 35
92 34 13
63 1 97
12 78 49
76 14 7
49 41 72
54 57 19
71 40 55
70 93 3
5 36 88
50 12 44
42 22 57
44 36 91
52 29 8
55 30 17
56 59 1
75 47 15
25 35 63
26 72 71
72 98 100
32 100 38
59 53 88
56 55 94
68 20 78
75 18 75
2 28 46
66 3 29
99 1 40
98 35 78
9 31 74
91 39 71
91 15 36
53 10 99
12 83 93
87 48 45
37 27 13
61 40 1
46 90 24
22 31 48
50 20 72
11 23 90
66 55 11
30 7 42
15 67 1
28 82 61
5 47 50
40 86 68
3 40 17
98 71 95
45 56 78
43 19 42
22 23 59
3 86 13
78 82 76
100 30 94
4 5 51
1 25 86
60 68 8
