50 100 5
1 2 95
2 3 6
3 4 20
4 5 19
5 6 76
6 7 25
7 8 146
8 9 33
9 10 22
10 11 11
11 12 105
12 13 54
13 14 124
14 15 147
15 16 128
16 17 161
17 18 74
18 19 61
19 20 67
20 21 9
21 22 41
22 23 39
23 24 192
24 25 72
25 26 104
26 27 174
27 28 141
28 29 165
29 30 73
30 31 35
31 32 31
32 33 72
33 34 53
34 35 72
35 36 106
36 37 155
37 38 8
38 39 170
39 40 164
40 41 144
41 42 86
42 43 38
43 44 64
44 45 154
45 46 143
46 47 93
47 48 28
48 49 29
49 50 126
50 1 56
4 17 81
7 17 86
4 44 95
45 31 153
49 2 149
46 31 82
43 10 199
31 27 174
15 32 92
25 23 154
26 17 91
45 43 200
2 9 151
7 33 63
29 26 152
40 22 39
15 16 173
47 42 58
26 8 121
6 32 19
37 1 22
7 21 170
33 31 178
26 15 119
7 45 151
28 42 169
35 34 43
22 6 182
5 7 145
10 28 76
46 35 115
2 1 185
36 12 121
3 41 1
37 14 95
45 32 109
15 41 73
25 37 114
29 7 61
31 37 179
47 12 191
48 36 8
15 3 187
50 29 79
7 28 153
2 5 154
38 50 200
47 4 186
7 50 58
37 28 176
