100 200 5
1 2 84
2 3 57
3 4 62
4 5 73
5 6 44
6 7 39
7 8 75
8 9 14
9 10 39
10 11 68
11 12 20
12 13 89
13 14 99
14 15 47
15 16 6
16 17 65
17 18 72
18 19 86
19 20 54
20 21 15
21 22 20
22 23 80
23 24 91
24 25 44
25 26 15
26 27 76
27 28 27
28 29 24
29 30 55
30 31 35
31 32 29
32 33 2
33 34 73
34 35 2
35 36 39
36 37 94
37 38 9
38 39 15
39 40 49
40 41 75
41 42 7
42 43 53
43 44 6
44 45 36
45 46 67
46 47 16
47 48 12
48 49 70
49 50 64
50 51 88
51 52 62
52 53 94
53 54 48
54 55 4
55 56 84
56 57 16
57 58 58
58 59 8
59 60 88
60 61 16
61 62 49
62 63 84
63 64 60
64 65 14
65 66 74
66 67 84
67 68 73
68 69 90
69 70 20
70 71 81
71 72 67
72 73 20
73 74 74
74 75 18
75 76 17
76 77 30
77 78 66
78 79 61
79 80 85
80 81 88
81 82 1
82 83 23
83 84 64
84 85 8
85 86 37
86 87 38
87 88 62
88 89 92
89 90 99
90 91 5
91 92 85
92 93 19
93 94 5
94 95 91
95 96 77
96 97 23
97 98 53
98 99 12
99 100 8
100 1 26
36 63 43
87 28 87
60 78 48
44 18 23
98 56 85
80 18 81
42 89 84
9 49 7
12 85 94
88 15 10
5 67 37
91 86 71
12 98 46
73 91 13
39 44 38
98 69 47
10 39 68
71 42 16
28 60 59
48 79 25
27 90 11
49 46 46
23 49 34
4 36 14
33 88 8
31 88 47
71 34 50
58 29 91
81 61 84
65 25 53
93 5 92
31 38 28
89 72 69
84 91 2
22 23 25
52 3 32
58 25 91
91 60 18
77 92 52
73 58 79
47 91 73
10 53 88
15 1 43
39 74 44
61 78 25
97 89 41
68 76 52
3 45 40
8 42 67
81 66 36
66 72 90
38 82 77
11 48 84
4 42 69
65 51 49
30 92 15
77 20 15
8 92 91
76 13 18
59 43 32
82 20 99
89 73 79
37 60 95
79 69 12
77 96 36
61 48 99
74 98 41
97 65 24
73 29 98
56 29 51
30 99 31
57 78 52
91 66 20
73 47 82
58 35 49
41 58 93
32 75 26
58 17 43
87 34 36
57 28 97
76 59 80
95 1 36
65 71 90
57 38 94
81 87 21
68 78 72
50 9 57
45 15 18
26 68 81
37 94 79
70 30 41
25 33 18
31 3 76
74 65 55
53 6 81
15 81 51
95 52 51
58 54 64
63 34 90
51 16 33
