50 100 5
1 2 51
2 3 30
3 4 40
4 5 90
5 6 78
6 7 32
7 8 94
8 9 85
9 10 47
10 11 13
11 12 34
12 13 90
13 14 2
14 15 1
15 16 31
16 17 52
17 18 52
18 19 56
19 20 66
20 21 35
21 22 96
22 23 90
23 24 71
24 25 49
25 26 18
26 27 53
27 28 88
28 29 71
29 30 22
30 31 38
31 32 71
32 33 100
33 34 1
34 35 19
35 36 45
36 37 96
37 38 79
38 39 63
39 40 47
40 41 88
41 42 85
42 43 35
43 44 99
44 45 68
45 46 81
46 47 25
47 48 81
48 49 65
49 50 45
37 36 89
18 3 31
17 21 70
38 15 91
4 1 9
1 10 48
42 14 68
44 46 49
39 21 8
6 41 66
22 33 37
32 2 100
22 20 56
36 31 55
20 8 79
27 26 91
41 26 2
24 28 3
13 34 87
49 19 43
40 23 33
38 37 7
4 50 73
28 42 70
10 43 78
24 11 27
45 50 31
8 30 71
17 9 75
30 8 24
38 3 62
4 33 12
30 34 30
25 29 62
20 24 85
39 13 62
32 14 8
44 47 70
29 30 100
30 35 56
41 45 1
9 5 74
40 32 99
50 28 65
9 20 58
49 7 62
36 43 17
3 47 36
12 23 66
48 11 59
