50 100 5
1 2 31
2 3 108
3 4 186
4 5 189
5 6 15
6 7 174
7 8 81
8 9 169
9 10 42
10 11 136
11 12 89
12 13 191
13 14 105
14 15 43
15 16 29
16 17 13
17 18 61
18 19 182
19 20 152
20 21 161
21 22 121
22 23 66
23 24 199
24 25 45
25 26 40
26 27 100
27 28 130
28 29 79
29 30 52
30 31 43
31 32 68
32 33 137
33 34 33
34 35 84
35 36 115
36 37 183
37 38 119
38 39 37
39 40 76
40 41 132
41 42 112
42 43 53
43 44 179
44 45 193
45 46 80
46 47 187
47 48 153
48 49 181
49 50 67
50 1 127
22 38 113
27 18 73
7 49 144
49 35 120
41 38 132
19 44 199
17 10 26
20 33 83
10 8 117
31 26 159
33 32 123
14 5 28
35 49 17
27 45 82
39 29 171
20 35 172
41 39 10
18 19 197
17 16 6
42 6 49
8 46 177
28 2 23
35 24 132
25 41 122
4 31 92
2 1 129
39 45 4
8 38 9
16 49 41
8 46 95
44 18 139
50 16 151
35 1 13
27 4 2
6 4 128
8 2 59
45 17 64
40 37 53
19 16 77
39 2 200
33 48 166
19 35 151
42 33 101
6 48 19
43 38 109
33 36 2
43 47 49
24 17 92
50 27 161
3 18 146
