100 200 5
1 2 89
2 3 49
3 4 36
4 5 72
5 6 48
6 7 10
7 8 40
8 9 90
9 10 72
10 11 65
11 12 89
12 13 59
13 14 74
14 15 72
15 16 5
16 17 26
17 18 99
18 19 77
19 20 80
20 21 21
21 22 16
22 23 90
23 24 13
24 25 75
25 26 31
26 27 60
27 28 86
28 29 93
29 30 59
30 31 69
31 32 7
32 33 65
33 34 42
34 35 92
35 36 68
36 37 38
37 38 23
38 39 84
39 40 46
40 41 52
41 42 4
42 43 61
43 44 63
44 45 64
45 46 68
46 47 34
47 48 5
48 49 92
49 50 16
50 51 74
51 52 67
52 53 22
53 54 70
54 55 94
55 56 63
56 57 24
57 58 16
58 59 30
59 60 73
60 61 3
61 62 75
62 63 22
63 64 23
64 65 88
65 66 55
66 67 55
67 68 97
68 69 13
69 70 2
70 71 54
71 72 93
72 73 51
73 74 69
74 75 40
75 76 15
76 77 73
77 78 8
78 79 27
79 80 21
80 81 53
81 82 3
82 83 8
83 84 20
84 85 53
85 86 47
86 87 36
87 88 24
88 89 57
89 90 52
90 91 91
91 92 62
92 93 69
93 94 89
94 95 93
95 96 33
96 97 57
97 98 4
98 99 32
99 100 70
100 1 30
34 100 43
4 14 15
59 45 46
63 25 10
24 98 48
70 42 44
63 47 66
18 9 87
6 66 20
16 47 10
100 45 56
83 6 44
28 29 99
69 26 12
75 1 55
67 57 73
48 30 91
97 23 54
53 28 70
16 66 77
63 72 20
14 85 74
75 92 9
48 52 13
19 47 5
9 31 87
73 60 38
46 7 8
74 65 69
42 84 8
94 90 47
93 55 45
42 12 62
100 97 40
62 75 76
8 20 60
81 37 65
30 88 73
45 39 82
11 7 38
20 27 79
82 92 45
63 52 98
40 51 39
47 85 61
48 58 57
60 42 73
16 8 3
96 91 25
87 91 95
30 63 75
25 12 2
79 47 17
65 70 72
75 77 67
5 42 90
30 26 76
72 79 22
38 21 15
62 22 43
72 61 44
74 38 44
5 56 50
24 63 93
63 93 90
52 96 6
42 32 67
47 26 98
95 65 44
44 16 36
36 100 82
90 33 47
92 94 95
90 66 4
36 64 92
21 60 53
66 31 20
76 3 87
58 89 15
67 51 42
39 6 19
70 57 63
19 14 83
84 95 91
29 25 97
74 45 43
63 72 96
86 48 33
63 8 3
26 32 67
39 74 70
51 76 81
33 87 80
19 38 34
81 66 57
49 79 70
77 31 36
97 90 23
89 61 3
30 5 93
