50 100 5
1 2 98
2 3 38
3 4 46
4 5 20
5 6 96
6 7 73
7 8 75
8 9 24
9 10 60
10 11 13
11 12 70
12 13 3
13 14 85
14 15 38
15 16 19
16 17 31
17 18 13
18 19 63
19 20 91
20 21 7
21 22 6
22 23 78
23 24 66
24 25 92
25 26 72
26 27 83
27 28 9
28 29 47
29 30 59
30 31 26
31 32 31
32 33 84
33 34 75
34 35 27
35 36 59
36 37 11
37 38 91
38 39 89
39 40 5
40 41 88
41 42 43
42 43 8
43 44 44
44 45 10
45 46 1
46 47 54
47 48 94
48 49 71
49 50 79
50 1 72
8 27 56
14 47 92
30 3 29
9 22 79
10 31 100
16 9 43
31 37 91
23 35 86
14 37 98
43 29 91
2 43 57
47 18 73
15 18 12
23 41 93
47 7 51
11 36 54
26 21 5
16 6 60
45 49 96
24 30 53
25 38 80
5 29 25
32 42 21
35 6 66
46 12 30
40 6 37
7 13 23
16 44 57
21 19 24
36 30 55
30 27 91
48 32 20
5 41 92
4 36 47
29 1 41
25 40 86
9 21 41
15 19 13
2 11 11
37 45 16
1 48 28
18 29 87
11 16 94
26 46 94
49 5 22
30 44 82
41 13 32
24 14 48
19 15 10
49 24 11
