100 200 5
1 2 34
2 3 83
3 4 60
4 5 5
5 6 73
6 7 67
7 8 1
8 9 92
9 10 8
10 11 54
11 12 73
12 13 46
13 14 80
14 15 56
15 16 30
16 17 70
17 18 5
18 19 12
19 20 39
20 21 11
21 22 75
22 23 10
23 24 88
24 25 6
25 26 82
26 27 41
27 28 14
28 29 43
29 30 96
30 31 76
31 32 85
32 33 90
33 34 94
34 35 88
35 36 10
36 37 95
37 38 7
38 39 87
39 40 45
40 41 20
41 42 44
42 43 26
43 44 91
44 45 36
45 46 9
46 47 47
47 48 52
48 49 41
49 50 92
50 51 62
51 52 22
52 53 43
53 54 6
54 55 79
55 56 90
56 57 43
57 58 80
58 59 33
59 60 79
60 61 42
61 62 73
62 63 84
63 64 93
64 65 97
65 66 94
66 67 31
67 68 6
68 69 51
69 70 55
70 71 72
71 72 100
72 73 22
73 74 51
74 75 86
75 76 46
76 77 33
77 78 67
78 79 83
79 80 28
80 81 59
81 82 50
82 83 4
83 84 34
84 85 71
85 86 17
86 87 36
87 88 73
88 89 100
89 90 92
90 91 39
91 92 80
92 93 7
93 94 48
94 95 34
95 96 26
96 97 42
97 98 35
98 99 80
99 100 60
100 1 9
64 77 35
8 17 91
73 84 11
4 23 78
21 89 14
6 88 72
23 79 13
11 33 92
21 56 11
29 77 19
33 74 2
12 59 92
43 14 99
19 71 73
10 16 89
68 37 26
79 32 47
62 94 4
4 53 85
70 43 30
18 98 92
5 45 35
84 45 72
90 61 73
17 39 3
60 62 5
61 79 21
32 21 57
19 39 40
15 13 7
63 71 52
31 22 49
56 98 45
17 99 34
87 99 44
91 81 34
26 22 72
37 100 94
14 24 24
1 55 81
65 22 16
57 8 67
67 72 34
44 50 40
76 22 10
37 33 62
8 73 51
20 35 91
15 78 93
64 73 28
53 67 11
64 10 42
62 73 74
1 32 30
74 59 32
86 54 46
78 17 63
42 72 86
46 6 45
19 60 75
65 30 96
74 7 43
37 100 16
2 97 84
40 6 72
61 72 75
16 83 41
87 4 9
40 84 90
20 71 20
54 25 95
63 77 13
38 75 62
54 51 59
26 12 1
90 77 74
67 39 22
71 45 93
57 29 95
8 52 99
50 68 79
38 17 50
84 61 23
97 67 10
80 96 81
1 11 10
89 78 36
86 1 86
58 7 49
13 19 10
62 58 65
73 25 30
78 30 47
99 35 20
78 88 10
94 41 52
77 41 18
31 67 46
43 9 23
47 75 11
