50 100 5
1 2 48
2 3 41
3 4 29
4 5 47
5 6 7
6 7 20
7 8 37
8 9 88
9 10 70
10 11 37
11 12 58
12 13 80
13 14 39
14 15 50
15 16 61
16 17 36
17 18 40
18 19 37
19 20 86
20 21 67
21 22 26
22 23 91
23 24 42
24 25 20
25 26 57
26 27 18
27 28 68
28 29 70
29 30 54
30 31 46
31 32 68
32 33 86
33 34 54
34 35 25
35 36 8
36 37 64
37 38 56
38 39 90
39 40 94
40 41 88
41 42 78
42 43 2
43 44 22
44 45 26
45 46 9
46 47 72
47 48 75
48 49 17
49 50 39
50 1 23
35 12 77
2 9 37
41 38 6
32 37 12
11 41 2
44 14 4
38 22 2
50 13 22
26 50 61
46 15 84
6 10 10
34 46 65
40 28 40
32 46 93
32 10 76
32 14 100
47 49 85
22 24 67
36 44 85
36 46 33
8 25 32
44 20 35
44 41 45
3 42 98
25 35 50
50 38 17
12 46 70
36 3 1
37 44 12
26 33 33
28 41 97
25 5 95
46 16 89
12 45 28
36 37 62
50 49 27
34 46 68
25 28 7
39 4 51
9 15 52
42 7 87
45 37 39
23 4 92
25 42 1
45 38 27
26 44 39
46 27 45
22 28 21
7 24 25
15 8 2
