50 100 5
1 2 7
2 3 83
3 4 47
4 5 17
5 6 26
6 7 5
7 8 86
8 9 36
9 10 59
10 11 16
11 12 94
12 13 46
13 14 93
14 15 35
15 16 42
16 17 32
17 18 54
18 19 17
19 20 18
20 21 44
21 22 54
22 23 66
23 24 84
24 25 38
25 26 89
26 27 29
27 28 58
28 29 47
29 30 66
30 31 55
31 32 54
32 33 78
33 34 44
34 35 10
35 36 1
36 37 4
37 38 12
38 39 95
39 40 96
40 41 89
41 42 18
42 43 40
43 44 63
44 45 34
45 46 27
46 47 78
47 48 51
48 49 88
49 50 21
50 1 19
5 26 8
24 3 54
44 14 88
21 15 5
18 12 100
44 12 33
44 46 32
8 29 29
34 15 40
28 9 95
38 29 5
25 29 29
30 32 87
9 8 18
11 20 47
26 5 88
41 1 60
25 36 69
38 31 100
31 48 14
43 6 28
45 9 29
31 7 36
2 14 98
21 17 92
42 7 65
28 36 75
8 1 54
38 17 40
20 49 42
32 22 42
20 40 33
13 26 33
44 16 91
28 42 76
23 34 90
2 27 80
41 18 89
35 29 51
22 38 59
44 8 50
16 35 85
27 32 50
10 21 20
41 5 58
42 14 80
30 29 83
38 7 88
19 45 30
22 39 45
