100 200 5
1 2 69
2 3 95
3 4 11
4 5 22
5 6 16
6 7 15
7 8 56
8 9 72
9 10 44
10 11 88
11 12 7
12 13 59
13 14 51
14 15 27
15 16 77
16 17 83
17 18 53
18 19 44
19 20 59
20 21 100
21 22 60
22 23 78
23 24 82
24 25 46
25 26 78
26 27 12
27 28 96
28 29 38
29 30 34
30 31 45
31 32 79
32 33 67
33 34 49
34 35 73
35 36 93
36 37 87
37 38 86
38 39 60
39 40 88
40 41 89
41 42 45
42 43 29
43 44 17
44 45 5
45 46 96
46 47 48
47 48 45
48 49 50
49 50 42
50 51 80
51 52 73
52 53 81
53 54 49
54 55 53
55 56 14
56 57 63
57 58 50
58 59 54
59 60 82
60 61 83
61 62 41
62 63 61
63 64 85
64 65 70
65 66 18
66 67 12
67 68 33
68 69 31
69 70 13
70 71 50
71 72 26
72 73 52
73 74 70
74 75 58
75 76 97
76 77 31
77 78 1
78 79 3
79 80 55
80 81 5
81 82 33
82 83 76
83 84 10
84 85 3
85 86 14
86 87 59
87 88 80
88 89 60
89 90 16
90 91 7
91 92 25
92 93 99
93 94 54
94 95 59
95 96 31
96 97 22
97 98 8
98 99 57
99 100 59
100 1 88
22 44 19
51 95 94
25 74 32
63 55 98
16 80 41
27 65 56
11 42 52
1 93 87
85 19 11
24 19 1
16 7 42
89 13 22
59 55 70
9 95 66
63 13 55
57 62 37
95 70 72
47 56 36
4 16 42
99 62 8
28 83 84
47 52 11
34 64 82
23 38 22
34 67 29
49 98 83
24 10 11
19 16 74
40 60 46
36 91 20
81 62 11
58 3 84
89 99 27
48 7 5
64 94 10
15 58 12
58 47 19
34 25 59
55 92 88
77 36 53
36 26 23
48 64 9
88 99 78
88 78 73
22 7 48
13 57 1
88 22 68
11 46 6
96 38 57
31 35 27
30 20 24
3 19 86
72 5 36
1 35 84
5 86 51
83 21 51
54 96 54
5 2 37
90 38 93
80 22 35
48 72 69
70 71 44
47 26 11
72 58 61
39 76 98
32 76 12
43 8 87
25 74 47
85 58 77
73 2 1
18 84 41
48 34 29
69 41 12
17 36 30
91 61 88
80 15 43
39 42 56
13 1 88
29 54 39
18 87 99
27 17 69
92 99 86
52 48 8
86 81 45
26 39 7
99 69 26
57 51 85
85 29 61
100 93 88
37 72 1
3 16 79
75 81 65
32 42 77
61 48 41
97 75 100
83 48 79
23 39 23
15 82 81
14 79 36
37 7 29
