100 200 5
1 2 42
2 3 18
3 4 66
4 5 79
5 6 46
6 7 79
7 8 54
8 9 89
9 10 83
10 11 13
11 12 14
12 13 21
13 14 78
14 15 34
15 16 87
16 17 86
17 18 98
18 19 92
19 20 79
20 21 73
21 22 73
22 23 94
23 24 3
24 25 67
25 26 84
26 27 63
27 28 42
28 29 5
29 30 7
30 31 29
31 32 78
32 33 88
33 34 77
34 35 87
35 36 32
36 37 58
37 38 65
38 39 20
39 40 51
40 41 93
41 42 55
42 43 11
43 44 36
44 45 26
45 46 63
46 47 12
47 48 49
48 49 44
49 50 39
50 51 9
51 52 11
52 53 97
53 54 85
54 55 100
55 56 87
56 57 63
57 58 14
58 59 50
59 60 69
60 61 31
61 62 80
62 63 72
63 64 34
64 65 61
65 66 79
66 67 1
67 68 59
68 69 15
69 70 89
70 71 51
71 72 22
72 73 44
73 74 12
74 75 72
75 76 78
76 77 90
77 78 51
78 79 17
79 80 68
80 81 95
81 82 55
82 83 43
83 84 100
84 85 14
85 86 12
86 87 63
87 88 95
88 89 71
89 90 2
90 91 98
91 92 44
92 93 75
93 94 2
94 95 56
95 96 7
96 97 62
97 98 57
98 99 4
99 100 33
100 1 72
51 21 20
84 11 26
99 10 6
41 73 56
85 45 73
1 55 59
1 16 96
90 14 54
79 14 22
45 20 10
34 45 57
68 49 57
81 19 59
66 95 7
45 90 13
45 37 62
38 58 68
17 10 93
4 71 86
38 41 91
93 63 65
47 43 17
75 20 77
100 1 71
38 88 16
84 77 10
85 37 4
49 17 2
71 24 33
34 17 27
8 76 87
66 9 68
69 29 36
41 13 38
48 57 61
41 95 100
8 88 19
85 86 57
23 93 78
24 13 20
18 9 67
26 45 63
30 69 74
18 97 75
100 11 57
46 38 97
15 56 43
26 73 42
72 99 19
47 90 40
43 81 91
94 11 69
74 57 34
86 55 22
31 17 37
47 1 83
91 75 26
96 91 19
84 41 58
48 58 83
79 11 69
25 2 58
42 8 3
87 73 66
18 84 55
53 44 98
4 44 8
27 33 69
6 36 49
90 83 51
34 61 63
94 36 13
56 26 77
9 4 30
7 83 93
100 79 20
62 39 70
43 86 7
21 57 98
43 70 50
36 30 94
85 34 94
67 31 4
99 10 99
24 10 90
94 3 49
10 28 91
23 81 13
61 2 30
7 9 68
14 27 3
25 68 27
73 76 5
73 93 12
39 56 73
46 74 30
79 68 2
69 51 42
52 16 50
75 83 74
