100 200 5
1 2 72
2 3 41
3 4 12
4 5 42
5 6 90
6 7 83
7 8 57
8 9 51
9 10 92
10 11 25
11 12 1
12 13 93
13 14 17
14 15 51
15 16 50
16 17 4
17 18 27
18 19 12
19 20 74
20 21 27
21 22 48
22 23 48
23 24 55
24 25 97
25 26 73
26 27 22
27 28 26
28 29 59
29 30 36
30 31 60
31 32 90
32 33 99
33 34 56
34 35 23
35 36 90
36 37 77
37 38 34
38 39 75
39 40 85
40 41 28
41 42 9
42 43 70
43 44 96
44 45 45
45 46 52
46 47 82
47 48 69
48 49 67
49 50 97
50 51 89
51 52 55
52 53 73
53 54 56
54 55 57
55 56 95
56 57 63
57 58 39
58 59 66
59 60 78
60 61 73
61 62 45
62 63 61
63 64 51
64 65 52
65 66 92
66 67 76
67 68 1
68 69 6
69 70 64
70 71 50
71 72 32
72 73 55
73 74 30
74 75 35
75 76 1
76 77 56
77 78 26
78 79 58
79 80 65
80 81 87
81 82 49
82 83 58
83 84 49
84 85 2
85 86 40
86 87 47
87 88 13
88 89 64
89 90 89
90 91 62
91 92 57
92 93 94
93 94 79
94 95 85
95 96 12
96 97 17
97 98 60
98 99 40
99 100 82
39 66 72
97 58 82
99 37 78
93 15 71
85 71 25
40 52 36
66 73 40
3 42 99
81 75 55
88 46 41
18 48 82
13 26 5
16 51 38
28 47 74
37 87 92
72 33 62
9 29 12
34 22 96
78 94 52
26 21 37
78 100 27
75 39 42
4 95 30
76 74 15
39 68 73
74 24 78
39 35 69
99 96 70
4 32 35
32 32 71
75 47 43
15 21 47
16 81 82
86 10 79
58 24 92
100 71 37
55 18 74
67 95 40
71 76 42
97 65 1
53 66 54
98 66 83
62 1 75
2 37 75
70 79 87
91 60 38
94 70 68
26 25 20
4 22 29
67 91 84
59 9 100
49 4 60
90 11 85
65 69 59
13 17 39
91 85 54
6 28 73
69 14 65
57 74 43
43 39 22
74 13 56
40 87 50
60 49 54
15 32 98
20 78 59
72 80 19
15 95 28
27 76 80
35 52 2
46 90 84
14 69 86
76 73 59
22 14 81
23 2 13
77 73 61
6 7 76
79 64 61
48 46 23
89 51 13
28 74 12
12 16 93
66 16 38
27 65 15
52 16 94
90 51 65
60 61 87
41 64 46
10 85 51
10 66 35
94 14 83
24 50 81
74 37 76
88 75 41
71 11 82
41 87 1
47 10 45
42 48 20
7 89 34
59 100 80
77 32 61
