100 200 5
1 2 22
2 3 75
3 4 82
4 5 61
5 6 56
6 7 39
7 8 24
8 9 71
9 10 46
10 11 90
11 12 83
12 13 21
13 14 13
14 15 95
15 16 31
16 17 31
17 18 7
18 19 56
19 20 60
20 21 48
21 22 9
22 23 91
23 24 92
24 25 83
25 26 67
26 27 21
27 28 56
28 29 75
29 30 86
30 31 13
31 32 70
32 33 6
33 34 17
34 35 92
35 36 32
36 37 39
37 38 13
38 39 78
39 40 25
40 41 35
41 42 86
42 43 58
43 44 8
44 45 26
45 46 57
46 47 1
47 48 6
48 49 60
49 50 93
50 51 69
51 52 19
52 53 80
53 54 18
54 55 9
55 56 81
56 57 25
57 58 100
58 59 89
59 60 89
60 61 97
61 62 37
62 63 63
63 64 90
64 65 51
65 66 64
66 67 19
67 68 19
68 69 80
69 70 33
70 71 78
71 72 32
72 73 80
73 74 43
74 75 65
75 76 77
76 77 2
77 78 97
78 79 91
79 80 88
80 81 36
81 82 94
82 83 81
83 84 91
84 85 21
85 86 73
86 87 64
87 88 52
88 89 83
89 90 52
90 91 39
91 92 1
92 93 94
93 94 97
94 95 14
95 96 100
96 97 27
97 98 71
98 99 77
99 100 100
100 1 41
8 5 53
74 51 50
87 4 12
65 79 20
19 64 70
17 82 97
30 60 63
41 2 87
4 10 36
7 23 5
80 58 70
16 65 27
64 76 44
61 95 62
25 98 93
66 80 52
86 51 52
28 80 33
80 49 80
47 54 91
29 91 100
15 90 34
26 67 43
59 91 55
32 22 40
85 8 81
38 4 83
51 13 74
82 73 26
26 62 88
50 60 4
68 97 87
93 66 53
52 100 44
71 89 93
81 31 38
96 53 65
4 20 89
83 25 99
54 13 95
48 17 26
56 58 25
26 40 98
94 76 63
67 81 33
42 24 100
93 96 3
2 13 90
38 59 18
25 82 31
41 32 37
61 13 51
20 42 77
85 36 51
92 70 21
25 56 81
23 74 35
15 56 78
28 69 38
53 67 54
1 86 10
93 21 81
26 50 94
32 60 32
42 89 40
43 29 64
17 90 39
6 33 51
57 64 56
44 60 89
66 3 7
5 63 14
13 24 32
74 13 45
16 61 8
6 24 67
21 22 85
68 6 89
34 71 78
12 55 20
27 15 54
2 74 57
81 87 7
29 94 62
11 34 98
22 51 67
77 53 71
60 69 63
13 40 82
94 40 41
4 72 47
8 23 68
62 94 6
87 64 4
58 73 67
16 63 93
70 57 43
7 28 55
50 47 38
93 75 37
