100 200 5
1 2 28
2 3 31
3 4 76
4 5 71
5 6 22
6 7 4
7 8 34
8 9 39
9 10 55
10 11 55
11 12 64
12 13 94
13 14 53
14 15 95
15 16 25
16 17 68
17 18 59
18 19 26
19 20 2
20 21 68
21 22 25
22 23 73
23 24 77
24 25 2
25 26 64
26 27 43
27 28 10
28 29 91
29 30 56
30 31 55
31 32 52
32 33 29
33 34 93
34 35 27
35 36 56
36 37 48
37 38 98
38 39 10
39 40 85
40 41 66
41 42 64
42 43 36
43 44 12
44 45 72
45 46 97
46 47 19
47 48 76
48 49 66
49 50 86
50 51 78
51 52 13
52 53 25
53 54 72
54 55 2
55 56 28
56 57 52
57 58 53
58 59 35
59 60 5
60 61 59
61 62 7
62 63 69
63 64 46
64 65 41
65 66 70
66 67 30
67 68 68
68 69 89
69 70 68
70 71 47
71 72 13
72 73 17
73 74 62
74 75 5
75 76 18
76 77 31
77 78 14
78 79 11
79 80 89
80 81 65
81 82 87
82 83 4
83 84 94
84 85 41
85 86 13
86 87 99
87 88 67
88 89 76
89 90 45
90 91 61
91 92 9
92 93 8
93 94 35
94 95 54
95 96 95
96 97 25
97 98 79
98 99 25
99 100 43
100 1 55
13 30 50
8 47 22
33 82 14
100 79 7
58 94 73
49 29 59
56 10 55
13 63 29
2 66 41
54 95 92
57 89 70
91 27 40
55 97 84
4 95 41
77 50 47
14 73 88
55 99 28
72 29 54
31 54 21
5 6 87
70 24 90
90 58 89
76 41 5
81 63 11
6 13 70
23 2 64
46 56 28
51 57 18
60 3 10
74 71 42
89 79 11
66 4 41
60 38 3
83 96 69
45 15 85
59 27 42
86 65 40
87 7 74
17 88 11
95 68 88
79 20 53
5 70 96
100 83 68
96 69 85
96 29 25
23 47 79
90 72 15
76 72 12
79 57 100
46 84 44
95 13 32
70 4 76
12 13 74
53 17 45
41 40 88
4 80 78
28 100 16
88 86 4
69 70 57
81 61 93
92 41 8
34 24 22
10 21 96
41 74 82
15 24 5
23 62 91
97 90 2
12 100 65
98 23 92
72 20 24
87 23 58
48 4 62
92 87 84
64 78 91
18 85 59
7 43 95
59 2 48
44 60 46
72 71 52
3 26 67
67 98 68
90 47 45
14 76 34
94 67 71
91 76 5
13 26 51
89 37 85
82 66 47
96 84 85
57 24 27
55 15 68
85 7 19
49 52 58
13 6 20
34 72 25
69 96 69
84 8 96
28 25 86
40 9 12
70 72 79
