50 100 5
1 2 13
2 3 84
3 4 7
4 5 100
5 6 16
6 7 1
7 8 58
8 9 54
9 10 23
10 11 75
11 12 85
12 13 60
13 14 60
14 15 11
15 16 100
16 17 2
17 18 18
18 19 42
19 20 46
20 21 51
21 22 88
22 23 73
23 24 11
24 25 30
25 26 4
26 27 43
27 28 80
28 29 85
29 30 81
30 31 53
31 32 48
32 33 57
33 34 99
34 35 57
35 36 58
36 37 46
37 38 91
38 39 90
39 40 59
40 41 65
41 42 10
42 43 48
43 44 54
44 45 59
45 46 47
46 47 25
47 48 77
48 49 43
49 50 11
13 16 70
23 42 64
12 5 73
41 29 84
13 43 49
9 37 9
30 50 95
26 22 73
46 7 46
3 18 25
50 10 1
42 16 99
48 11 33
46 44 30
6 25 40
7 23 77
28 17 80
3 50 11
6 13 52
37 3 11
18 48 66
15 27 11
18 4 80
32 37 6
11 25 76
48 36 85
15 9 8
23 48 99
38 23 22
12 14 87
43 29 77
7 39 67
9 7 29
3 15 9
26 19 89
16 48 43
11 32 4
9 42 6
24 24 63
48 30 52
10 25 59
38 7 98
21 6 44
29 35 21
1 32 47
30 20 41
41 29 24
5 1 11
32 19 32
34 47 2
