100 200 5
1 2 71
2 3 9
3 4 78
4 5 75
5 6 30
6 7 67
7 8 42
8 9 81
9 10 84
10 11 41
11 12 86
12 13 18
13 14 83
14 15 89
15 16 85
16 17 86
17 18 11
18 19 77
19 20 56
20 21 29
21 22 40
22 23 92
23 24 10
24 25 63
25 26 26
26 27 93
27 28 66
28 29 19
29 30 90
30 31 46
31 32 37
32 33 71
33 34 23
34 35 67
35 36 45
36 37 49
37 38 73
38 39 70
39 40 33
40 41 96
41 42 60
42 43 46
43 44 16
44 45 25
45 46 67
46 47 53
47 48 11
48 49 52
49 50 81
50 51 91
51 52 61
52 53 1
53 54 38
54 55 84
55 56 7
56 57 35
57 58 75
58 59 73
59 60 50
60 61 82
61 62 33
62 63 48
63 64 46
64 65 62
65 66 84
66 67 68
67 68 79
68 69 50
69 70 10
70 71 27
71 72 25
72 73 46
73 74 89
74 75 25
75 76 54
76 77 34
77 78 42
78 79 18
79 80 39
80 81 92
81 82 80
82 83 6
83 84 47
84 85 76
85 86 48
86 87 12
87 88 43
88 89 12
89 90 28
90 91 64
91 92 29
92 93 50
93 94 15
94 95 17
95 96 36
96 97 23
97 98 13
98 99 28
99 100 57
100 1 54
76 31 47
99 15 49
33 20 69
13 24 29
74 23 67
15 5 12
77 8 57
9 11 18
31 14 70
21 95 8
55 33 90
69 92 100
31 68 96
51 77 45
88 28 25
30 22 35
75 36 11
98 5 68
50 28 5
62 55 1
40 81 100
10 68 65
96 56 54
56 80 20
3 36 45
40 74 47
94 60 53
16 61 69
74 26 77
88 35 59
67 37 59
78 35 22
86 65 25
66 1 85
80 88 68
93 83 77
48 35 48
57 90 58
13 52 52
23 13 81
68 89 88
5 73 61
15 26 30
56 89 1
36 90 7
33 55 87
80 21 25
87 4 16
60 38 63
27 91 96
90 59 83
8 6 88
42 36 68
30 69 2
18 22 62
45 86 84
24 69 90
65 33 30
63 78 95
60 100 34
16 44 50
30 84 71
52 47 81
17 8 100
99 6 31
35 72 71
4 75 31
34 66 54
2 68 84
37 53 26
51 52 29
81 84 20
11 19 31
89 39 42
21 14 46
30 85 37
31 53 20
71 33 54
71 26 39
52 78 74
53 1 49
87 14 87
91 74 18
60 76 16
85 97 100
33 80 12
29 13 90
84 21 65
83 88 27
77 2 76
55 21 60
72 14 25
23 88 27
82 56 84
64 11 84
37 10 2
38 24 94
63 47 60
97 24 26
21 13 48
