100 200 5
1 2 50
2 3 55
3 4 76
4 5 2
5 6 33
6 7 70
7 8 44
8 9 31
9 10 24
10 11 15
11 12 13
12 13 70
13 14 24
14 15 13
15 16 94
16 17 14
17 18 42
18 19 16
19 20 14
20 21 25
21 22 14
22 23 96
23 24 39
24 25 59
25 26 6
26 27 64
27 28 82
28 29 14
29 30 81
30 31 93
31 32 54
32 33 91
33 34 82
34 35 74
35 36 76
36 37 64
37 38 49
38 39 78
39 40 1
40 41 43
41 42 58
42 43 93
43 44 7
44 45 19
45 46 61
46 47 88
47 48 7
48 49 35
49 50 51
50 51 40
51 52 93
52 53 51
53 54 94
54 55 64
55 56 61
56 57 52
57 58 82
58 59 66
59 60 53
60 61 71
61 62 20
62 63 6
63 64 38
64 65 34
65 66 5
66 67 1
67 68 4
68 69 77
69 70 2
70 71 39
71 72 61
72 73 49
73 74 78
74 75 16
75 76 52
76 77 84
77 78 41
78 79 31
79 80 64
80 81 21
81 82 43
82 83 36
83 84 54
84 85 47
85 86 31
86 87 41
87 88 58
88 89 86
89 90 46
90 91 44
91 92 78
92 93 64
93 94 40
94 95 84
95 96 85
96 97 100
97 98 9
98 99 85
99 100 10
100 1 78
39 47 80
89 69 4
98 28 72
21 55 31
44 49 93
53 77 22
23 61 21
36 46 20
30 85 78
53 32 52
75 22 10
64 49 54
65 25 84
37 47 88
19 73 67
23 96 15
53 57 50
94 29 30
25 13 66
31 10 2
66 57 79
97 73 6
6 63 70
56 63 59
92 62 87
74 14 61
52 7 50
82 45 66
2 90 65
69 54 18
50 93 18
80 13 2
2 27 67
29 93 25
60 31 13
84 1 38
6 18 24
61 29 2
6 18 26
7 57 19
35 100 61
57 75 68
21 6 8
35 94 95
46 33 18
27 100 26
62 29 2
68 93 49
77 68 92
19 74 15
90 60 18
73 58 53
79 23 38
18 96 53
89 69 45
16 13 93
36 100 89
3 7 68
99 53 67
22 3 78
5 48 16
71 91 3
40 14 44
29 32 49
84 61 65
53 78 10
5 30 54
56 100 65
86 92 16
37 11 72
7 80 9
92 54 41
96 59 33
21 5 47
40 20 36
91 29 62
8 37 15
36 81 43
8 36 55
6 62 66
35 52 100
26 14 91
28 82 1
86 77 40
58 62 32
6 80 48
48 90 46
52 13 17
51 17 50
24 39 17
27 54 6
86 62 61
94 12 91
70 94 78
88 71 24
80 69 80
9 6 71
93 33 53
34 65 44
91 29 31
