612
792
76
380
895
883
537
581
339
851
141
990
260
651
849
770
207
59
340
947
94
643
18
623
816
433
91
621
505
53
208
731
617
784
250
296
800
736
732
657
24
178
779
630
690
308
609
583
703
868
855
799
29
435
654
116
291
797
107
411
949
712
957
200
612
692
376
952
737
214
584
866
938
926
216
635
759
433
211
832
324
19
617
398
201
154
904
206
985
296
95
13
182
633
278
286
247
105
490
56
979
937
260
908
739
661
266
649
205
820
540
980
887
62
837
274
277
940
784
513
343
49
667
114
167
648
293
103
596
827
69
960
778
460
290
319
560
27
726
686
851
236
796
716
804
205
578
658
17
793
344
753
271
614
544
245
663
305
318
846
255
202
605
645
344
269
442
120
108
484
106
589
649
259
411
693
41
882
654
235
145
656
130
14
134
994
72
434
664
172
32
772
557
828
317
748
909
826
850
242
449
563
519
764
494
254
300
931
975
974
657
621
555
380
721
261
913
492
418
541
58
719
269
545
99
843
170
626
965
380
820
848
498
339
208
330
325
804
425
562
600
783
939
895
913
706
219
781
121
888
475
988
812
206
311
733
153
793
830
198
689
55
89
351
331
386
824
89
109
86
181
731
498
973
695
828
254
298
853
35
785
425
88
781
898
951
598
154
565
472
19
78
554
81
474
169
844
453
84
350
973
273
59
834
702
722
742
949
423
692
198
482
422
554
593
801
369
155
808
828
562
292
917
581
869
457
194
959
392
849
426
262
773
659
116
561
684
430
932
302
324
415
152
979
208
378
385
253
301
863
124
911
56
904
654
668
256
93
800
507
671
331
892
531
767
115
443
433
736
134
694
674
877
807
734
287
631
288
533
349
746
14
735
576
452
477
159
919
16
709
973
792
230
991
553
570
925
582
441
470
