979
37
924
505
744
436
739
141
697
329
533
181
960
328
704
159
419
119
141
820
246
514
13
684
111
813
18
627
442
275
615
298
617
56
950
163
953
516
62
283
634
280
652
421
483
816
470
254
820
152
216
247
540
56
634
68
900
213
727
957
372
870
370
223
868
196
796
856
342
234
166
196
667
252
764
975
623
191
297
292
534
904
178
115
676
150
746
913
681
439
272
590
60
419
446
704
250
948
982
560
32
651
312
443
165
294
260
172
910
66
960
996
971
67
595
164
42
980
980
596
456
929
732
875
870
57
543
67
415
54
81
519
648
217
587
301
641
289
677
404
508
304
27
78
924
63
289
103
373
126
616
225
137
29
325
355
757
358
127
40
938
711
66
160
275
656
649
662
537
883
16
199
928
142
912
637
878
240
357
930
195
676
880
609
792
815
604
518
95
408
484
269
435
400
172
926
660
349
59
141
377
902
409
167
539
432
722
522
488
901
150
766
383
76
785
150
417
640
381
171
805
519
618
962
592
334
984
593
19
823
255
888
716
922
256
156
921
84
297
318
500
337
369
873
457
97
965
847
146
399
812
268
416
634
297
907
92
703
281
870
961
198
271
920
227
369
496
311
441
807
376
250
570
506
892
565
367
98
962
440
950
89
247
874
853
866
46
579
622
410
106
853
907
790
28
672
392
741
984
616
