554
957
447
476
600
455
852
811
662
981
608
709
630
947
87
532
141
263
750
140
503
618
977
761
984
812
388
165
949
224
59
992
833
819
923
358
762
661
256
73
76
492
270
586
635
222
344
25
198
571
890
671
868
368
27
437
559
47
528
718
647
876
572
823
327
147
120
977
306
58
492
168
198
406
198
649
154
279
24
352
305
806
811
663
412
981
972
273
884
949
245
954
638
890
806
262
965
612
550
532
71
98
836
566
968
305
787
777
807
549
47
14
529
706
174
85
812
325
757
779
822
708
971
76
416
605
871
177
154
220
271
696
66
881
793
770
710
136
349
550
349
297
635
454
570
573
716
459
479
133
522
648
334
176
804
949
757
392
180
736
816
445
343
793
403
687
231
646
420
341
796
176
338
737
394
374
626
14
643
101
959
854
782
719
334
310
649
133
295
326
296
163
357
20
344
47
166
475
241
91
600
798
109
426
512
142
76
622
398
57
107
798
860
58
296
942
911
772
190
823
734
644
236
875
840
351
937
96
391
180
164
226
267
629
665
846
641
518
796
164
215
177
23
204
868
173
106
635
934
339
859
703
837
234
174
499
858
964
313
298
167
692
760
159
915
507
971
556
400
800
798
178
836
214
146
437
518
553
429
938
624
457
26
459
392
124
714
726
363
954
653
704
788
822
971
414
634
476
167
489
616
880
930
24
607
501
797
343
498
324
918
443
960
890
580
85
212
988
512
438
987
836
677
10
354
205
965
494
985
19
67
29
169
487
956
26
354
612
278
517
602
625
468
749
185
645
485
532
151
682
765
666
896
369
60
515
95
428
281
131
189
900
468
374
879
370
141
929
471
619
627
70
463
515
250
585
205
410
184
77
30
802
722
623
733
925
290
255
224
930
734
85
864
423
806
181
634
60
29
478
