130
774
401
51
185
123
99
613
364
284
976
43
586
557
576
212
564
837
961
272
647
47
261
647
375
964
726
634
240
210
372
389
905
556
597
159
791
58
307
460
182
357
645
700
399
114
866
655
628
151
921
788
856
665
990
205
285
437
256
849
59
928
707
943
955
942
918
23
284
733
465
26
813
711
679
459
993
943
436
448
36
587
576
967
302
451
507
519
677
723
343
53
873
565
580
671
212
285
428
670
874
480
689
748
664
56
726
504
736
79
716
590
951
746
425
693
779
229
632
298
799
446
619
798
303
36
608
29
162
406
137
778
903
636
600
459
878
830
142
729
143
336
392
260
150
582
736
416
217
660
440
397
329
512
290
386
764
159
652
755
803
515
564
581
795
260
908
129
854
553
291
733
687
404
433
784
854
544
558
219
347
455
493
783
691
402
573
644
742
659
740
856
714
188
146
82
940
490
772
766
681
408
129
804
900
123
119
682
962
325
753
946
219
11
331
658
639
824
342
196
799
45
333
290
25
418
189
835
707
253
376
566
943
821
431
870
404
889
948
490
788
305
832
965
770
878
52
253
477
930
223
272
541
949
54
366
222
649
650
132
618
425
462
996
804
796
682
365
643
234
812
47
149
969
205
458
856
283
911
28
146
435
673
686
469
817
949
381
576
752
264
915
106
790
883
454
851
495
397
601
441
543
747
286
481
453
98
105
554
505
369
608
81
212
996
92
384
899
206
852
657
895
570
677
751
44
798
735
314
706
582
353
253
140
101
384
807
101
450
287
964
620
405
735
159
765
196
615
789
491
392
481
728
688
37
772
70
811
784
699
900
467
160
206
886
221
696
482
515
823
904
163
50
789
924
375
947
919
23
53
493
774
213
116
490
298
604
13
635
532
529
293
785
432
796
385
83
828
300
89
