424
297
657
182
415
990
697
41
255
502
33
980
300
707
203
749
629
403
711
538
391
840
915
267
790
132
637
281
70
907
439
702
593
831
807
864
181
541
70
627
449
714
163
579
988
905
607
560
417
318
335
833
674
229
883
914
606
17
457
597
175
381
580
608
730
185
984
499
283
944
14
752
184
39
371
307
931
705
442
295
307
238
595
505
948
60
806
508
686
806
65
588
903
843
225
549
566
94
20
226
284
15
543
838
438
828
865
862
280
657
438
799
542
296
169
875
493
839
483
904
870
871
776
538
733
910
681
232
988
274
275
553
107
887
316
879
239
382
165
71
863
616
237
767
538
654
943
387
140
399
669
497
234
403
303
834
819
815
782
250
932
282
247
966
307
186
864
703
564
791
991
815
55
933
969
450
801
323
77
822
227
40
634
353
732
483
422
45
698
896
253
576
230
561
846
192
78
848
452
635
507
275
475
259
612
274
951
856
618
259
113
824
530
501
541
119
580
177
432
804
467
196
567
20
923
469
238
160
964
293
214
767
187
598
810
753
898
773
982
453
625
200
790
456
462
901
452
202
807
370
656
93
786
967
62
70
990
318
721
917
117
397
859
827
746
840
583
782
895
965
639
578
173
969
224
740
921
594
65
710
622
985
987
874
762
997
805
664
426
323
991
562
265
234
152
183
191
646
794
786
