24
802
519
95
958
123
598
23
460
680
833
332
62
661
361
330
195
424
542
646
317
533
106
465
543
426
452
744
849
817
560
700
248
605
793
543
415
270
623
712
905
314
140
367
385
181
59
828
305
738
943
349
721
964
264
240
775
108
979
355
926
931
352
302
63
127
410
187
173
882
233
362
873
267
959
824
898
892
733
806
763
887
478
863
744
477
922
400
160
631
593
266
638
469
808
785
510
481
265
895
905
274
456
721
339
749
343
360
813
473
164
979
939
311
226
870
511
12
47
826
569
868
227
503
236
793
20
273
83
298
828
210
274
758
827
664
961
219
736
306
364
137
589
114
698
667
175
735
312
148
599
508
276
980
261
663
996
324
211
225
20
491
548
328
872
450
125
287
733
608
646
639
941
272
383
184
338
208
146
395
211
571
16
517
229
697
48
47
392
227
993
153
799
421
554
974
558
409
268
711
322
306
335
47
862
969
330
285
781
522
528
675
499
800
926
174
750
49
754
630
690
708
163
722
683
932
688
775
73
732
629
381
954
119
692
689
592
370
325
737
474
459
810
785
508
324
308
947
804
484
150
60
357
686
965
847
284
130
688
906
56
165
745
814
262
28
524
656
498
414
625
967
275
549
918
695
466
383
325
372
910
777
987
577
800
234
734
471
904
710
65
991
450
653
519
589
529
770
390
391
