609
267
317
580
481
353
307
513
54
198
254
148
525
153
69
469
987
674
370
280
248
945
464
117
456
295
764
828
991
867
801
876
168
985
282
772
951
682
962
480
691
624
197
72
807
907
781
353
278
669
159
386
235
55
559
405
491
838
286
51
755
672
574
602
864
786
551
348
333
453
11
304
836
466
892
616
657
394
895
905
18
752
731
883
145
396
881
541
197
230
538
945
105
680
687
566
520
781
554
421
380
495
120
186
216
994
769
207
299
986
624
697
986
831
708
554
856
932
640
510
612
125
399
930
234
805
407
646
889
798
879
286
428
150
813
889
445
410
408
149
647
465
938
845
890
651
793
198
166
197
473
990
27
223
167
502
655
595
623
226
786
564
494
462
377
912
263
961
263
844
618
257
72
941
793
122
706
53
136
976
75
985
247
447
602
194
304
448
453
823
937
504
113
829
581
508
621
997
571
634
