50 100 5
1 2 98
2 3 103
3 4 21
4 5 124
5 6 21
6 7 178
7 8 40
8 9 4
9 10 131
10 11 106
11 12 130
12 13 10
13 14 55
14 15 163
15 16 90
16 17 8
17 18 180
18 19 33
19 20 65
20 21 193
21 22 14
22 23 156
23 24 74
24 25 177
25 26 87
26 27 160
27 28 146
28 29 177
29 30 197
30 31 4
31 32 150
32 33 97
33 34 189
34 35 36
35 36 141
36 37 65
37 38 59
38 39 50
39 40 172
40 41 136
41 42 6
42 43 77
43 44 128
44 45 101
45 46 14
46 47 10
47 48 65
48 49 34
49 50 174
50 1 132
12 13 26
36 10 154
5 39 78
12 31 160
13 24 53
1 44 190
48 22 124
7 45 92
20 24 112
37 21 167
22 32 129
18 16 134
15 45 126
32 45 177
49 31 114
7 14 108
27 3 74
37 15 117
15 44 101
17 7 99
14 20 174
8 16 61
18 14 83
36 21 82
32 39 22
27 10 192
5 33 162
9 5 185
20 49 139
23 17 58
28 36 186
18 5 37
17 31 160
27 10 108
6 13 145
26 15 79
12 39 48
3 39 130
18 30 162
44 18 82
30 5 1
40 22 102
17 22 161
21 1 191
40 45 158
29 32 64
46 3 137
44 34 38
1 10 173
6 10 24
