50 100 5
1 2 173
2 3 157
3 4 172
4 5 11
5 6 169
6 7 117
7 8 111
8 9 81
9 10 193
10 11 130
11 12 148
12 13 102
13 14 121
14 15 14
15 16 113
16 17 1
17 18 143
18 19 70
19 20 19
20 21 24
21 22 75
22 23 189
23 24 157
24 25 46
25 26 131
26 27 133
27 28 16
28 29 49
29 30 193
30 31 146
31 32 158
32 33 48
33 34 119
34 35 187
35 36 94
36 37 88
37 38 133
38 39 102
39 40 96
40 41 141
41 42 64
42 43 166
43 44 186
44 45 87
45 46 79
46 47 125
47 48 186
48 49 183
49 50 162
50 1 95
24 33 49
49 17 114
45 25 67
31 34 141
36 37 51
50 40 154
28 18 175
50 35 24
29 26 130
39 11 200
29 11 193
27 5 17
2 39 180
15 45 80
5 2 85
34 39 161
19 15 173
41 47 65
24 18 154
35 10 160
27 37 75
20 13 72
22 7 33
15 3 182
20 48 185
44 15 134
39 24 18
42 40 138
28 16 138
48 20 68
29 37 24
27 36 58
24 43 83
3 7 92
33 35 126
44 13 196
7 4 84
23 50 85
6 20 86
36 25 39
47 8 129
25 41 190
33 27 120
9 46 110
48 28 197
3 20 185
50 13 101
48 43 128
32 24 7
12 16 143
