100 200 5
1 2 77
2 3 4
3 4 18
4 5 9
5 6 39
6 7 12
7 8 39
8 9 81
9 10 19
10 11 27
11 12 88
12 13 24
13 14 28
14 15 64
15 16 97
16 17 40
17 18 54
18 19 88
19 20 52
20 21 28
21 22 70
22 23 20
23 24 28
24 25 47
25 26 81
26 27 69
27 28 68
28 29 48
29 30 51
30 31 51
31 32 52
32 33 62
33 34 57
34 35 40
35 36 69
36 37 80
37 38 37
38 39 58
39 40 76
40 41 13
41 42 51
42 43 76
43 44 91
44 45 54
45 46 15
46 47 68
47 48 19
48 49 45
49 50 89
50 51 73
51 52 28
52 53 84
53 54 65
54 55 12
55 56 92
56 57 47
57 58 8
58 59 40
59 60 11
60 61 21
61 62 47
62 63 87
63 64 74
64 65 58
65 66 50
66 67 1
67 68 100
68 69 19
69 70 87
70 71 55
71 72 40
72 73 39
73 74 43
74 75 47
75 76 60
76 77 53
77 78 79
78 79 40
79 80 22
80 81 37
81 82 2
82 83 5
83 84 77
84 85 8
85 86 16
86 87 74
87 88 34
88 89 56
89 90 72
90 91 17
91 92 31
92 93 92
93 94 78
94 95 19
95 96 27
96 97 42
97 98 79
98 99 77
99 100 52
100 1 6
42 6 41
47 23 25
10 94 83
15 26 78
87 63 6
99 39 56
21 55 68
73 64 29
74 45 38
29 74 95
33 46 14
34 68 30
25 9 44
61 88 36
62 98 54
48 98 100
94 84 74
61 63 22
2 25 67
33 70 63
43 78 82
36 96 63
12 11 22
59 14 78
31 20 23
56 67 100
16 15 26
43 69 100
99 32 18
41 6 60
30 8 91
24 51 48
67 2 22
64 96 32
71 92 46
91 74 31
93 76 40
14 21 5
58 47 24
89 31 89
34 86 78
75 18 2
26 71 16
70 52 24
7 76 40
98 34 17
37 64 61
61 90 87
16 66 85
11 60 52
81 97 71
89 65 77
84 58 89
4 60 43
93 62 23
94 59 19
21 75 3
43 42 96
55 84 49
85 99 72
34 46 51
16 49 84
72 16 33
55 44 38
29 94 11
8 1 81
62 49 2
83 65 10
1 83 9
88 21 60
33 24 33
41 31 25
7 39 96
34 31 98
3 14 14
28 52 76
6 86 32
85 40 58
28 5 61
98 20 59
94 19 59
13 94 53
33 26 67
70 4 18
2 53 91
1 6 83
12 7 72
23 13 19
5 47 20
61 90 99
29 82 99
53 72 26
84 3 97
1 80 18
21 84 72
29 16 37
50 38 65
24 56 58
11 40 10
98 47 82
