50 100 5
1 2 11
2 3 10
3 4 115
4 5 45
5 6 164
6 7 139
7 8 87
8 9 66
9 10 69
10 11 98
11 12 108
12 13 181
13 14 178
14 15 49
15 16 187
16 17 186
17 18 56
18 19 114
19 20 136
20 21 188
21 22 15
22 23 173
23 24 143
24 25 64
25 26 89
26 27 11
27 28 26
28 29 162
29 30 36
30 31 66
31 32 32
32 33 137
33 34 18
34 35 4
35 36 119
36 37 77
37 38 134
38 39 21
39 40 188
40 41 65
41 42 193
42 43 110
43 44 167
44 45 71
45 46 189
46 47 41
47 48 74
48 49 105
49 50 94
50 1 58
13 23 16
27 28 125
6 32 188
31 34 121
38 3 39
45 15 176
27 12 197
14 10 10
5 2 200
28 41 159
41 34 65
20 44 135
7 18 18
15 23 112
16 46 166
35 28 190
43 12 58
47 16 77
20 26 24
26 33 162
9 11 121
12 42 6
24 16 174
41 47 73
23 24 11
15 6 74
2 36 49
29 16 29
23 32 155
43 39 128
37 36 50
49 17 104
19 42 195
20 4 76
36 18 143
8 47 90
22 34 108
46 16 77
16 47 90
35 48 19
42 45 123
11 39 35
22 49 192
23 22 113
20 47 174
31 17 100
5 19 21
30 29 142
47 31 39
24 1 108
