100 200 5
1 2 6
2 3 98
3 4 18
4 5 17
5 6 68
6 7 11
7 8 46
8 9 85
9 10 51
10 11 20
11 12 98
12 13 13
13 14 30
14 15 58
15 16 11
16 17 76
17 18 46
18 19 69
19 20 15
20 21 99
21 22 45
22 23 43
23 24 14
24 25 16
25 26 34
26 27 89
27 28 32
28 29 28
29 30 19
30 31 85
31 32 38
32 33 91
33 34 49
34 35 30
35 36 90
36 37 69
37 38 16
38 39 46
39 40 95
40 41 96
41 42 98
42 43 75
43 44 32
44 45 66
45 46 22
46 47 1
47 48 25
48 49 27
49 50 84
50 51 42
51 52 47
52 53 75
53 54 17
54 55 55
55 56 41
56 57 39
57 58 71
58 59 99
59 60 77
60 61 68
61 62 18
62 63 28
63 64 82
64 65 23
65 66 44
66 67 98
67 68 51
68 69 42
69 70 40
70 71 40
71 72 23
72 73 67
73 74 24
74 75 86
75 76 81
76 77 73
77 78 58
78 79 30
79 80 16
80 81 77
81 82 89
82 83 62
83 84 43
84 85 37
85 86 93
86 87 17
87 88 97
88 89 31
89 90 84
90 91 35
91 92 74
92 93 88
93 94 56
94 95 39
95 96 98
96 97 75
97 98 35
98 99 42
99 100 49
100 1 79
97 80 19
82 66 37
10 50 51
54 30 12
28 10 77
43 3 39
59 34 36
52 35 79
12 24 2
39 90 53
67 49 84
94 5 94
72 30 38
61 45 33
25 92 27
61 92 79
31 33 29
50 51 25
54 67 62
88 36 60
31 94 51
2 62 18
52 36 66
62 77 66
55 41 31
85 17 75
35 19 31
42 20 63
66 85 35
62 11 72
36 85 100
52 36 23
10 82 73
70 71 26
67 97 20
79 13 87
94 40 79
27 47 40
32 90 93
89 73 71
99 93 74
35 61 5
99 38 68
10 77 33
48 65 86
73 75 86
49 12 23
41 11 36
57 86 86
79 87 83
55 82 44
50 73 72
64 88 19
62 64 67
69 63 10
98 75 29
59 9 10
73 14 86
10 85 94
52 50 89
7 30 6
35 52 64
30 49 56
95 97 57
56 51 96
60 58 91
49 12 18
90 68 36
64 100 78
97 4 44
12 90 70
95 43 13
10 38 19
93 42 57
56 30 15
21 63 43
22 85 35
94 22 53
66 75 68
87 70 63
19 26 21
2 33 31
30 51 5
82 26 63
17 2 88
94 21 85
44 23 93
74 64 27
25 74 70
58 38 60
61 65 10
26 63 33
94 26 65
8 84 18
39 60 30
12 66 43
83 100 50
26 28 19
95 56 25
61 86 99
