50 100 5
1 2 170
2 3 63
3 4 144
4 5 152
5 6 55
6 7 32
7 8 47
8 9 6
9 10 122
10 11 18
11 12 104
12 13 146
13 14 31
14 15 125
15 16 112
16 17 45
17 18 43
18 19 147
19 20 146
20 21 186
21 22 63
22 23 139
23 24 18
24 25 118
25 26 122
26 27 8
27 28 161
28 29 86
29 30 148
30 31 37
31 32 27
32 33 168
33 34 127
34 35 173
35 36 91
36 37 80
37 38 10
38 39 64
39 40 117
40 41 190
41 42 85
42 43 57
43 44 147
44 45 86
45 46 156
46 47 131
47 48 174
48 49 99
49 50 84
50 1 84
31 46 126
1 44 56
13 46 55
47 12 75
15 35 52
24 17 158
34 40 153
21 11 28
11 17 66
28 15 153
43 32 91
37 21 11
26 25 159
29 4 9
41 39 60
35 43 63
24 39 136
44 49 58
28 42 107
36 9 144
34 50 121
10 34 163
37 38 94
17 22 168
16 38 12
2 36 91
34 9 4
19 13 45
23 49 153
32 20 73
5 2 50
44 16 33
13 44 194
38 10 85
43 19 148
6 39 132
20 43 194
4 44 125
15 12 21
23 2 4
49 4 160
1 35 161
46 37 92
36 5 194
46 43 82
46 17 103
1 25 200
13 16 96
41 32 67
8 38 36
