100 200 5
1 2 36
2 3 50
3 4 16
4 5 44
5 6 15
6 7 53
7 8 2
8 9 81
9 10 75
10 11 75
11 12 4
12 13 94
13 14 79
14 15 2
15 16 18
16 17 89
17 18 63
18 19 1
19 20 34
20 21 80
21 22 7
22 23 81
23 24 83
24 25 12
25 26 13
26 27 61
27 28 8
28 29 37
29 30 99
30 31 77
31 32 92
32 33 60
33 34 57
34 35 25
35 36 72
36 37 80
37 38 23
38 39 28
39 40 38
40 41 65
41 42 1
42 43 5
43 44 5
44 45 100
45 46 84
46 47 100
47 48 60
48 49 46
49 50 97
50 51 5
51 52 16
52 53 81
53 54 86
54 55 74
55 56 32
56 57 43
57 58 21
58 59 56
59 60 34
60 61 86
61 62 72
62 63 9
63 64 91
64 65 23
65 66 30
66 67 58
67 68 100
68 69 75
69 70 33
70 71 19
71 72 33
72 73 18
73 74 81
74 75 71
75 76 54
76 77 27
77 78 41
78 79 30
79 80 32
80 81 85
81 82 22
82 83 65
83 84 51
84 85 75
85 86 12
86 87 60
87 88 94
88 89 87
89 90 42
90 91 71
91 92 24
92 93 19
93 94 20
94 95 97
95 96 38
96 97 3
97 98 59
98 99 35
99 100 42
100 1 1
39 34 94
43 39 24
16 71 73
48 68 3
8 20 96
57 51 11
50 30 8
11 28 67
14 87 13
61 37 69
46 32 8
87 41 88
16 15 81
35 79 74
1 73 66
85 86 42
79 28 3
32 22 96
43 97 55
86 35 58
45 42 80
100 27 99
64 61 43
70 99 29
38 76 79
85 52 66
60 77 57
2 25 67
4 82 62
21 93 26
87 49 18
9 88 16
46 37 30
89 23 96
62 42 89
90 24 30
15 64 62
79 74 87
30 61 66
6 55 55
68 32 87
56 40 80
87 13 10
66 2 6
49 72 28
66 84 10
22 81 15
96 75 48
99 94 16
41 3 60
28 90 72
67 72 77
35 32 67
37 66 2
42 89 66
54 51 26
83 62 22
52 94 89
22 76 85
41 79 81
3 43 43
9 61 2
32 21 98
14 35 41
19 53 15
15 38 33
15 54 54
9 42 44
4 80 76
45 10 99
55 94 42
79 57 17
81 51 30
30 81 2
61 80 58
12 67 35
57 73 62
16 95 16
7 61 51
90 38 1
77 29 8
50 49 14
62 13 77
31 38 92
21 52 46
14 20 46
23 86 27
7 79 25
35 7 48
85 41 61
6 7 60
62 32 56
14 100 13
6 51 75
18 58 28
91 1 69
66 61 86
40 91 13
24 8 56
29 85 82
