50 100 5
1 2 141
2 3 151
3 4 68
4 5 13
5 6 16
6 7 51
7 8 61
8 9 53
9 10 49
10 11 137
11 12 136
12 13 93
13 14 135
14 15 6
15 16 167
16 17 159
17 18 122
18 19 53
19 20 121
20 21 189
21 22 199
22 23 46
23 24 65
24 25 149
25 26 71
26 27 93
27 28 84
28 29 14
29 30 198
30 31 112
31 32 22
32 33 106
33 34 121
34 35 141
35 36 67
36 37 152
37 38 69
38 39 190
39 40 47
40 41 81
41 42 172
42 43 193
43 44 152
44 45 81
45 46 22
46 47 127
47 48 68
48 49 57
49 50 93
50 1 2
16 11 165
19 30 119
20 45 123
32 36 178
3 11 10
1 7 37
48 13 39
39 43 39
1 14 41
44 16 111
13 50 32
47 22 78
14 31 86
18 9 31
20 50 71
49 48 174
28 26 174
3 42 94
5 31 52
13 19 182
4 22 6
18 44 139
21 19 4
30 50 80
42 24 182
7 22 48
29 37 187
34 9 122
23 30 40
25 43 144
14 31 81
4 37 98
47 17 18
11 30 176
33 45 49
9 15 178
38 19 83
11 2 156
45 35 98
41 29 198
2 28 154
1 26 98
13 25 27
14 44 189
5 8 181
2 15 107
11 19 91
17 18 3
19 26 16
37 47 85
