50 100 5
1 2 174
2 3 5
3 4 54
4 5 167
5 6 142
6 7 40
7 8 194
8 9 8
9 10 85
10 11 97
11 12 128
12 13 103
13 14 164
14 15 79
15 16 126
16 17 123
17 18 160
18 19 191
19 20 32
20 21 85
21 22 24
22 23 156
23 24 110
24 25 171
25 26 175
26 27 193
27 28 52
28 29 180
29 30 2
30 31 94
31 32 152
32 33 145
33 34 45
34 35 167
35 36 19
36 37 15
37 38 131
38 39 65
39 40 80
40 41 6
41 42 132
42 43 28
43 44 190
44 45 54
45 46 43
46 47 56
47 48 26
48 49 66
49 50 166
50 1 129
29 24 59
41 33 164
11 7 10
17 30 107
20 12 92
29 26 128
6 12 141
9 21 125
25 15 193
46 40 195
27 23 37
35 17 53
44 29 45
20 13 65
9 4 64
25 2 18
41 5 91
17 42 187
9 34 26
26 36 194
32 29 47
45 26 10
41 48 129
48 46 45
7 41 62
25 26 182
32 16 174
9 6 59
40 4 92
12 46 78
12 8 122
48 42 65
18 47 89
13 25 54
29 12 101
36 10 89
2 34 121
9 2 115
2 1 124
20 12 108
40 7 133
13 26 117
14 1 107
9 36 19
44 11 20
30 42 187
39 34 135
17 48 120
4 1 102
18 25 41
