100 200 5
1 2 75
2 3 61
3 4 90
4 5 99
5 6 49
6 7 55
7 8 92
8 9 30
9 10 14
10 11 3
11 12 5
12 13 38
13 14 97
14 15 23
15 16 96
16 17 59
17 18 49
18 19 47
19 20 39
20 21 44
21 22 8
22 23 50
23 24 46
24 25 89
25 26 22
26 27 74
27 28 88
28 29 8
29 30 28
30 31 37
31 32 68
32 33 66
33 34 4
34 35 20
35 36 90
36 37 5
37 38 58
38 39 22
39 40 41
40 41 30
41 42 59
42 43 33
43 44 81
44 45 43
45 46 12
46 47 30
47 48 46
48 49 61
49 50 81
50 51 67
51 52 52
52 53 18
53 54 81
54 55 36
55 56 9
56 57 11
57 58 95
58 59 1
59 60 32
60 61 71
61 62 18
62 63 31
63 64 62
64 65 66
65 66 15
66 67 27
67 68 80
68 69 11
69 70 80
70 71 8
71 72 73
72 73 92
73 74 43
74 75 54
75 76 10
76 77 21
77 78 38
78 79 90
79 80 38
80 81 47
81 82 81
82 83 34
83 84 81
84 85 28
85 86 50
86 87 73
87 88 18
88 89 85
89 90 72
90 91 21
91 92 85
92 93 42
93 94 5
94 95 80
95 96 37
96 97 18
97 98 17
98 99 77
99 100 10
100 1 18
85 10 33
41 17 82
73 55 62
90 40 56
74 91 30
25 40 80
83 12 97
92 44 53
79 33 73
55 74 94
94 18 14
49 89 56
35 42 32
37 83 78
47 28 57
68 71 34
17 30 55
59 2 75
81 22 69
93 10 64
2 48 58
22 91 64
65 61 24
31 71 19
37 63 64
69 45 1
65 44 80
45 3 76
29 72 83
9 15 51
3 63 15
58 40 20
49 48 56
27 43 69
62 81 84
39 47 22
81 6 28
90 66 44
24 25 91
41 4 71
91 26 69
51 81 44
83 89 17
17 24 37
25 51 16
53 76 74
57 98 32
90 40 41
83 52 50
32 2 100
48 79 63
4 34 52
14 92 14
63 54 95
22 19 91
99 1 82
64 30 64
78 33 60
11 66 45
65 12 28
23 42 19
30 53 40
90 1 47
48 38 98
99 66 99
60 4 74
70 39 28
14 43 68
10 51 17
88 13 2
96 79 68
2 89 74
56 50 21
32 61 51
94 30 32
98 20 56
70 31 13
50 78 66
83 26 99
88 80 31
78 99 61
17 42 66
23 16 91
16 81 29
24 99 49
3 72 65
34 64 54
45 20 86
97 45 10
57 33 100
77 62 93
77 3 9
62 33 23
68 58 26
72 20 79
1 42 13
21 56 30
12 30 91
33 56 29
29 83 20
