100 200 5
1 2 47
2 3 78
3 4 37
4 5 51
5 6 7
6 7 70
7 8 33
8 9 69
9 10 74
10 11 10
11 12 54
12 13 49
13 14 11
14 15 28
15 16 32
16 17 46
17 18 20
18 19 98
19 20 52
20 21 66
21 22 44
22 23 24
23 24 19
24 25 48
25 26 61
26 27 14
27 28 82
28 29 48
29 30 16
30 31 29
31 32 22
32 33 98
33 34 96
34 35 46
35 36 49
36 37 82
37 38 35
38 39 77
39 40 78
40 41 24
41 42 27
42 43 99
43 44 95
44 45 22
45 46 54
46 47 76
47 48 61
48 49 75
49 50 90
50 51 33
51 52 87
52 53 79
53 54 82
54 55 18
55 56 80
56 57 12
57 58 51
58 59 20
59 60 99
60 61 56
61 62 57
62 63 4
63 64 71
64 65 42
65 66 8
66 67 37
67 68 80
68 69 70
69 70 55
70 71 80
71 72 56
72 73 26
73 74 55
74 75 39
75 76 59
76 77 51
77 78 58
78 79 35
79 80 37
80 81 22
81 82 52
82 83 38
83 84 66
84 85 41
85 86 99
86 87 29
87 88 52
88 89 60
89 90 74
90 91 10
91 92 63
92 93 29
93 94 21
94 95 23
95 96 58
96 97 94
97 98 32
98 99 20
99 100 84
100 1 11
15 65 16
65 11 58
81 23 25
36 47 43
68 66 51
92 77 6
18 49 18
22 55 78
6 56 54
44 96 81
37 56 35
69 14 57
49 12 66
60 90 54
94 53 64
94 5 47
97 55 2
65 64 77
33 52 40
7 90 64
22 59 28
24 75 22
92 45 24
44 95 65
71 36 55
12 60 82
42 58 37
10 88 36
64 49 25
5 51 18
1 89 66
58 54 33
75 55 90
99 50 4
3 99 47
48 98 44
3 70 76
91 37 30
62 94 59
61 37 80
46 28 76
83 63 10
34 77 49
26 100 47
64 77 15
63 95 13
77 48 23
14 79 31
20 48 36
57 32 64
19 76 91
47 64 47
60 70 100
30 10 65
2 41 16
49 95 30
91 25 36
66 23 64
36 77 89
56 23 9
84 59 97
1 5 43
78 4 43
24 67 22
61 66 4
3 4 54
33 36 46
78 12 90
39 93 74
40 30 69
74 23 96
37 40 66
4 7 58
33 49 88
90 79 23
76 92 36
44 79 64
55 63 64
25 99 3
26 13 59
65 27 53
27 40 7
26 40 98
48 84 35
12 59 11
89 21 18
97 49 55
44 17 71
40 56 88
52 73 94
39 4 40
94 57 82
62 33 86
9 59 23
6 26 29
74 42 2
39 27 94
8 12 81
59 30 98
24 37 39
