100 200 5
1 2 97
2 3 33
3 4 28
4 5 26
5 6 74
6 7 65
7 8 12
8 9 92
9 10 43
10 11 42
11 12 59
12 13 77
13 14 25
14 15 48
15 16 36
16 17 78
17 18 56
18 19 67
19 20 79
20 21 5
21 22 4
22 23 94
23 24 55
24 25 47
25 26 9
26 27 6
27 28 21
28 29 59
29 30 94
30 31 83
31 32 45
32 33 37
33 34 22
34 35 60
35 36 12
36 37 51
37 38 23
38 39 16
39 40 74
40 41 86
41 42 14
42 43 100
43 44 85
44 45 18
45 46 22
46 47 2
47 48 22
48 49 49
49 50 67
50 51 99
51 52 29
52 53 82
53 54 92
54 55 47
55 56 85
56 57 62
57 58 74
58 59 43
59 60 43
60 61 46
61 62 54
62 63 97
63 64 15
64 65 66
65 66 49
66 67 91
67 68 28
68 69 62
69 70 33
70 71 87
71 72 74
72 73 87
73 74 83
74 75 28
75 76 37
76 77 13
77 78 69
78 79 38
79 80 87
80 81 67
81 82 7
82 83 100
83 84 12
84 85 47
85 86 56
86 87 53
87 88 11
88 89 96
89 90 62
90 91 83
91 92 59
92 93 23
93 94 35
94 95 44
95 96 99
96 97 95
97 98 10
98 99 22
99 100 74
100 1 19
40 93 8
44 81 65
99 53 2
31 3 27
40 89 27
60 11 45
87 24 46
52 100 78
71 31 85
16 63 99
91 11 75
89 46 48
6 37 82
50 11 73
52 30 73
41 17 71
37 73 72
54 50 48
29 91 94
34 24 48
69 68 95
10 22 78
25 71 63
22 61 52
22 7 59
88 58 87
13 53 35
71 74 90
5 84 27
58 87 35
26 17 9
87 16 18
32 18 10
66 82 11
7 11 48
1 2 41
17 53 92
97 23 39
97 22 69
5 77 44
82 84 7
62 45 20
12 60 75
91 49 59
5 2 55
66 78 72
92 43 85
57 84 80
92 65 38
4 99 29
74 31 96
77 65 72
55 95 89
67 78 84
64 75 6
88 19 31
56 85 24
43 35 99
11 81 72
89 42 5
96 74 9
78 56 10
92 1 82
34 88 42
73 33 78
30 52 91
8 7 79
7 15 28
94 98 16
17 58 19
38 40 92
40 46 6
33 7 10
35 95 18
44 8 30
8 100 40
1 12 75
72 49 34
69 2 76
21 92 84
28 43 62
36 94 62
82 11 14
76 29 69
26 16 11
24 51 50
40 92 64
23 24 28
94 96 62
71 81 56
40 23 9
74 5 63
66 19 53
23 8 88
35 48 5
45 70 99
83 12 76
38 35 76
56 69 95
50 52 87
