100 200 5
1 2 28
2 3 90
3 4 86
4 5 41
5 6 67
6 7 41
7 8 60
8 9 42
9 10 93
10 11 16
11 12 2
12 13 67
13 14 32
14 15 44
15 16 76
16 17 61
17 18 38
18 19 96
19 20 63
20 21 37
21 22 79
22 23 51
23 24 24
24 25 40
25 26 30
26 27 14
27 28 80
28 29 11
29 30 76
30 31 85
31 32 16
32 33 2
33 34 11
34 35 21
35 36 27
36 37 85
37 38 2
38 39 79
39 40 68
40 41 72
41 42 10
42 43 5
43 44 52
44 45 8
45 46 4
46 47 94
47 48 15
48 49 5
49 50 10
50 51 33
51 52 95
52 53 61
53 54 31
54 55 79
55 56 76
56 57 5
57 58 27
58 59 60
59 60 43
60 61 31
61 62 94
62 63 7
63 64 58
64 65 24
65 66 51
66 67 10
67 68 5
68 69 76
69 70 1
70 71 88
71 72 62
72 73 95
73 74 83
74 75 8
75 76 26
76 77 85
77 78 36
78 79 42
79 80 36
80 81 90
81 82 50
82 83 36
83 84 34
84 85 98
85 86 56
86 87 28
87 88 77
88 89 12
89 90 73
90 91 81
91 92 54
92 93 26
93 94 28
94 95 95
95 96 98
96 97 59
97 98 100
98 99 81
99 100 85
100 1 59
10 49 99
100 78 57
84 30 10
34 58 53
27 61 19
81 94 100
39 82 43
44 40 41
42 58 77
99 26 19
80 19 5
41 42 59
76 49 34
41 33 35
27 3 88
10 72 37
24 2 37
75 76 3
13 10 60
34 28 87
56 83 63
45 7 1
13 42 50
37 7 7
97 2 38
81 2 17
85 60 84
69 9 78
90 10 6
48 18 46
55 50 65
73 82 28
60 20 87
45 92 82
20 3 57
88 86 66
97 42 22
15 40 59
38 70 77
73 96 83
61 70 1
25 68 99
91 65 62
79 75 43
11 16 66
89 33 52
58 71 32
41 48 44
39 96 74
50 23 23
33 63 72
15 19 42
8 10 88
35 50 73
46 11 92
49 88 42
47 85 91
79 91 17
84 34 73
78 87 24
13 51 85
35 38 60
9 5 76
7 21 22
99 10 10
83 13 95
45 48 69
10 80 12
83 53 28
2 48 22
92 47 55
12 79 65
22 95 10
95 30 37
69 42 48
26 38 84
5 1 95
47 51 69
91 99 90
61 55 50
59 96 64
12 43 56
74 92 53
56 25 50
30 12 30
81 35 47
68 96 35
77 82 2
83 92 11
58 42 33
78 54 19
39 27 39
71 13 99
63 31 63
80 66 74
12 89 80
14 39 14
51 80 59
2 57 95
78 45 22
