50 100 5
1 2 114
2 3 123
3 4 118
4 5 159
5 6 41
6 7 146
7 8 118
8 9 188
9 10 136
10 11 126
11 12 193
12 13 69
13 14 37
14 15 46
15 16 18
16 17 163
17 18 76
18 19 35
19 20 177
20 21 159
21 22 50
22 23 33
23 24 90
24 25 71
25 26 31
26 27 58
27 28 72
28 29 157
29 30 96
30 31 170
31 32 101
32 33 183
33 34 45
34 35 82
35 36 158
36 37 68
37 38 43
38 39 77
39 40 8
40 41 197
41 42 114
42 43 51
43 44 140
44 45 177
45 46 178
46 47 17
47 48 92
48 49 107
49 50 72
50 1 181
15 11 18
3 14 172
21 4 76
35 1 52
39 3 4
38 1 103
33 3 154
42 6 24
10 17 138
48 21 63
3 31 38
12 19 113
23 35 85
33 34 81
7 11 110
32 45 106
22 33 128
36 29 46
30 21 132
11 1 87
8 32 133
29 39 164
45 23 190
21 46 27
20 34 167
40 37 82
44 49 110
46 31 72
50 17 102
28 18 164
11 31 135
15 25 74
10 36 139
24 16 97
37 34 24
14 40 61
29 34 158
40 19 4
41 26 42
28 29 108
25 23 161
39 23 64
4 2 14
12 24 145
27 11 21
37 31 163
42 25 3
18 49 192
42 29 107
2 28 79
