50 100 5
1 2 133
2 3 128
3 4 76
4 5 11
5 6 89
6 7 99
7 8 46
8 9 137
9 10 90
10 11 20
11 12 3
12 13 114
13 14 112
14 15 140
15 16 66
16 17 62
17 18 132
18 19 43
19 20 2
20 21 159
21 22 159
22 23 80
23 24 13
24 25 165
25 26 105
26 27 128
27 28 112
28 29 70
29 30 2
30 31 4
31 32 42
32 33 167
33 34 136
34 35 127
35 36 152
36 37 162
37 38 193
38 39 105
39 40 79
40 41 95
41 42 19
42 43 132
43 44 149
44 45 101
45 46 120
46 47 160
47 48 179
48 49 22
49 50 189
50 1 178
49 33 33
40 27 48
11 34 81
6 25 42
37 40 16
12 6 79
11 50 184
35 24 97
34 41 16
7 49 146
30 33 24
2 50 105
27 29 65
17 10 111
28 48 148
48 12 175
8 49 131
31 18 36
6 29 143
16 17 16
41 39 95
41 32 184
43 41 136
49 18 175
48 29 177
23 18 37
44 38 70
50 26 16
19 27 32
8 42 106
3 9 23
38 26 166
41 38 85
10 40 134
17 5 172
44 20 52
12 10 95
33 27 86
41 20 107
42 18 171
45 34 154
29 9 22
20 39 60
18 25 131
22 34 91
35 43 168
25 34 75
17 28 70
45 3 195
32 16 197
