100 200 5
1 2 8
2 3 15
3 4 52
4 5 9
5 6 52
6 7 43
7 8 69
8 9 34
9 10 55
10 11 29
11 12 64
12 13 43
13 14 42
14 15 55
15 16 15
16 17 61
17 18 94
18 19 13
19 20 27
20 21 68
21 22 36
22 23 25
23 24 55
24 25 21
25 26 31
26 27 61
27 28 79
28 29 31
29 30 51
30 31 91
31 32 80
32 33 86
33 34 61
34 35 60
35 36 70
36 37 12
37 38 39
38 39 17
39 40 34
40 41 61
41 42 36
42 43 38
43 44 58
44 45 71
45 46 98
46 47 16
47 48 40
48 49 29
49 50 51
50 51 42
51 52 5
52 53 13
53 54 51
54 55 95
55 56 72
56 57 6
57 58 89
58 59 44
59 60 48
60 61 99
61 62 17
62 63 78
63 64 84
64 65 68
65 66 95
66 67 88
67 68 27
68 69 84
69 70 65
70 71 34
71 72 33
72 73 31
73 74 86
74 75 56
75 76 35
76 77 17
77 78 84
78 79 96
79 80 4
80 81 85
81 82 51
82 83 32
83 84 96
84 85 80
85 86 100
86 87 97
87 88 31
88 89 57
89 90 47
90 91 45
91 92 85
92 93 86
93 94 57
94 95 59
95 96 51
96 97 75
97 98 23
98 99 26
99 100 8
100 1 30
8 58 40
40 73 44
62 21 60
73 53 55
46 29 8
19 5 1
99 94 85
60 49 5
65 24 92
95 66 84
4 63 69
14 85 85
71 67 100
93 24 90
97 73 8
27 67 7
30 73 58
68 87 95
66 55 62
49 5 59
70 8 91
91 9 73
69 62 77
35 51 10
52 36 6
56 42 72
19 1 39
27 16 68
38 35 19
76 32 26
70 58 54
9 48 24
56 86 85
73 40 20
71 4 43
4 55 56
53 78 17
59 68 4
72 78 40
58 19 24
28 100 31
40 55 6
4 20 89
35 71 85
100 14 46
35 38 31
59 95 68
82 22 69
2 75 91
7 11 40
80 77 43
27 45 76
86 90 66
78 66 3
88 4 65
6 96 41
7 54 28
4 11 99
85 66 17
86 33 26
18 80 63
69 27 79
17 93 89
77 6 52
54 10 50
12 36 21
87 29 29
74 32 50
2 1 11
71 6 54
51 15 5
64 18 25
25 74 52
82 2 94
96 81 46
45 11 96
65 3 74
99 41 11
29 93 86
48 99 49
20 33 44
26 62 4
73 49 95
33 62 48
16 95 51
6 90 63
13 43 87
48 17 66
38 5 29
59 64 19
38 70 73
5 42 71
93 81 75
10 34 19
69 42 49
32 77 76
86 81 82
24 29 28
40 66 78
41 54 73
