915
927
417
515
982
79
245
731
904
291
52
671
670
133
213
452
330
953
260
162
646
300
105
492
192
164
372
675
627
543
88
290
682
560
532
803
573
696
786
296
276
353
817
331
766
824
816
453
568
30
817
824
98
918
261
982
792
70
214
740
914
731
524
390
691
841
279
379
697
329
541
897
183
448
17
552
470
124
393
161
967
844
973
407
448
243
818
860
192
186
272
388
710
290
623
446
909
207
905
648
955
763
688
388
518
296
941
788
765
45
706
690
493
629
177
832
554
178
294
741
651
612
580
241
783
951
83
35
416
701
58
876
387
54
124
159
218
441
170
524
155
316
121
812
187
614
219
951
633
83
875
938
691
356
345
763
479
180
289
226
171
561
638
688
512
717
621
376
106
339
463
535
810
771
994
852
70
809
87
41
598
671
815
283
656
245
989
925
630
503
280
600
376
705
820
800
568
674
682
776
