547
460
915
795
934
822
508
645
285
570
453
39
755
375
846
949
619
919
328
653
158
12
746
342
438
519
856
245
538
679
741
22
147
787
563
149
629
404
925
435
18
549
387
532
878
403
747
547
739
962
28
464
877
227
827
481
778
716
365
412
40
228
43
193
101
956
144
858
388
334
581
128
45
23
308
770
219
279
334
553
232
555
605
313
397
753
133
235
559
457
636
901
136
127
565
730
355
340
551
180
450
693
167
958
898
438
39
941
462
370
620
178
481
507
691
611
920
527
327
29
296
312
422
495
709
64
728
823
951
261
132
557
756
137
140
754
168
231
370
407
682
482
340
382
58
668
138
877
60
833
599
185
669
620
824
192
220
954
636
228
780
23
440
567
750
595
795
88
500
782
598
741
644
981
172
768
347
724
217
794
20
347
233
466
342
693
264
30
600
305
293
316
941
619
287
999
309
592
80
224
