861
379
730
226
815
285
19
322
646
494
931
333
138
470
643
221
963
874
764
319
846
387
601
457
958
954
135
549
410
330
588
941
793
496
359
332
543
156
106
735
402
928
967
86
875
368
615
29
496
892
91
353
411
428
887
935
393
559
972
529
123
234
687
270
545
674
717
191
652
554
223
201
495
200
516
608
205
606
982
305
551
380
70
705
512
196
758
540
72
802
82
829
100
219
369
451
589
682
652
761
124
898
198
745
995
85
264
962
273
954
972
123
133
478
323
533
908
877
822
622
178
402
249
963
688
173
101
544
441
123
625
386
352
238
428
65
152
278
333
313
814
624
374
247
325
311
834
277
731
119
465
182
864
95
723
801
877
544
980
38
642
550
208
486
387
835
214
451
84
570
24
963
75
51
797
83
198
885
893
286
732
893
954
899
333
515
918
186
219
958
169
174
904
377
326
660
697
357
742
986
101
394
849
489
700
227
643
656
836
71
22
404
239
651
223
124
849
87
546
181
746
675
413
773
711
97
89
545
332
993
852
327
402
204
719
532
142
465
65
648
450
723
948
318
69
246
992
855
681
238
607
96
952
178
265
431
832
770
952
137
818
280
145
796
299
483
750
850
183
634
109
489
190
516
880
999
477
896
798
710
179
315
416
269
28
445
28
357
885
775
635
457
280
145
38
323
123
368
438
443
