681
452
412
975
519
556
42
572
688
595
88
334
128
603
306
236
767
896
354
281
69
632
879
664
551
653
208
407
941
274
85
554
140
269
680
203
135
265
273
473
446
685
394
579
635
621
63
730
165
705
296
687
189
76
215
589
286
850
270
889
514
205
426
439
593
154
171
905
99
564
372
206
282
883
730
735
892
965
612
867
608
831
825
385
720
515
55
156
938
162
501
796
824
682
834
18
348
170
813
990
331
108
414
867
279
19
771
255
947
52
628
447
317
66
552
377
574
720
590
906
854
705
889
164
643
699
501
928
320
872
76
850
782
557
771
613
154
394
949
149
83
424
743
292
919
602
99
574
679
283
327
649
65
801
266
846
692
270
833
337
993
145
353
643
187
432
65
804
980
707
348
998
721
561
164
336
637
236
718
390
874
619
49
331
948
517
206
364
801
172
557
81
376
525
894
164
610
269
189
918
558
19
59
176
960
629
179
872
171
898
327
861
234
133
774
10
497
25
70
835
831
158
748
633
806
621
592
761
982
307
292
662
160
862
816
578
377
891
460
181
718
188
902
807
582
170
909
896
294
54
971
48
613
936
533
258
423
661
88
579
330
820
944
836
558
54
146
898
175
456
908
737
203
893
956
602
68
921
942
533
307
708
945
514
1000
13
587
621
769
308
52
369
624
990
900
422
53
981
365
396
