240
466
54
701
310
875
366
902
194
131
118
322
795
47
912
476
125
212
331
594
649
48
184
639
10
166
67
46
93
259
493
735
584
940
314
78
759
458
197
626
776
571
950
279
85
709
873
680
564
23
389
858
444
411
690
384
199
784
124
527
241
171
142
386
139
59
930
797
860
705
900
510
943
912
477
482
992
630
174
877
433
211
437
61
418
385
278
506
251
207
983
287
812
610
542
490
917
909
830
195
931
258
74
419
848
769
725
671
459
127
968
624
336
343
177
549
610
376
296
389
302
79
25
832
980
94
261
323
136
405
295
863
537
38
838
114
740
841
312
754
20
13
352
105
976
948
470
930
435
34
744
967
520
91
747
535
543
479
674
52
733
576
894
403
127
601
199
975
838
544
869
933
586
277
83
132
848
276
489
971
63
560
592
963
247
567
68
46
726
279
946
273
981
183
400
614
323
687
880
916
