332
103
282
512
193
133
408
500
954
975
820
755
865
521
306
420
543
454
65
495
754
220
747
919
959
266
98
358
456
992
991
661
756
107
837
811
184
590
908
773
805
781
863
835
776
180
760
948
871
853
839
370
929
147
583
161
225
182
980
631
520
975
39
171
622
154
105
349
942
310
106
494
437
200
178
585
697
650
158
909
299
10
735
166
156
60
914
925
48
885
649
705
327
322
912
376
289
939
747
582
482
235
330
138
471
348
893
690
877
519
29
341
488
589
684
993
64
422
813
766
899
238
93
592
110
383
170
640
354
416
177
422
83
347
46
348
365
660
942
483
479
389
84
177
303
859
525
755
267
604
316
506
901
303
202
993
72
815
678
817
252
806
530
729
734
400
129
14
806
867
137
983
810
631
332
718
415
312
858
31
349
870
877
11
524
661
576
202
512
853
579
535
774
922
803
680
678
112
630
43
133
272
970
796
236
527
23
320
876
852
993
953
120
395
349
238
996
267
650
178
838
882
360
841
301
999
818
472
107
94
907
515
283
522
812
277
992
381
686
607
377
979
142
402
221
235
583
456
806
357
684
600
425
994
675
896
681
578
962
607
238
924
677
817
588
653
699
346
584
204
314
132
950
416
64
776
463
358
27
101
257
810
642
653
532
321
559
890
361
621
595
490
405
41
819
302
13
134
579
633
257
166
898
848
364
372
628
406
562
695
135
560
17
746
257
412
600
805
202
250
329
472
893
154
835
732
588
603
993
778
35
405
621
144
960
781
847
374
221
899
396
91
875
607
193
642
87
384
169
388
224
683
950
35
559
197
926
305
466
478
580
926
535
547
14
973
179
36
167
441
170
915
736
133
266
42
658
606
524
843
728
878
486
759
370
437
437
853
46
922
237
900
217
278
340
722
899
479
449
930
