402
379
422
258
847
672
693
358
656
703
633
538
955
479
367
715
708
936
95
244
467
160
138
426
978
927
844
485
650
525
350
590
771
554
268
253
787
64
569
868
145
348
736
717
310
663
624
136
320
529
324
64
64
292
915
513
54
446
723
164
868
901
74
355
345
382
945
365
156
787
840
590
21
332
670
650
711
562
439
821
310
363
418
649
374
280
886
107
288
244
553
886
373
656
961
72
402
995
316
333
59
712
419
931
956
557
861
696
284
848
896
236
215
692
338
207
900
98
272
663
86
798
413
90
114
445
47
428
396
451
567
63
117
918
39
157
814
957
850
456
752
710
737
110
337
417
404
212
583
143
184
166
666
440
488
464
609
960
948
754
746
610
25
424
641
136
198
931
399
374
536
556
372
686
456
155
216
456
180
259
844
125
511
140
373
442
200
702
759
607
109
817
908
387
481
725
390
237
46
857
