924
94
675
852
999
934
614
888
448
49
218
991
826
925
62
613
645
212
516
867
186
123
410
484
241
218
416
54
329
42
285
545
191
827
14
323
853
677
355
846
970
912
568
956
379
400
742
244
415
202
708
652
127
353
665
500
940
364
319
961
958
772
72
327
156
209
979
665
942
618
415
672
209
880
322
462
723
590
858
149
194
516
674
650
487
762
112
396
321
375
315
732
444
554
640
969
419
824
716
590
106
279
181
743
139
112
186
558
821
905
977
72
884
945
849
355
617
521
699
729
209
69
35
732
901
571
628
876
22
858
172
630
255
270
71
612
385
62
571
16
789
332
845
51
721
848
707
210
956
558
580
111
811
743
864
110
254
848
951
664
549
777
62
885
293
46
992
62
14
820
860
152
517
993
375
289
543
14
222
964
857
904
315
291
977
164
982
497
684
581
843
58
50
551
871
101
149
85
120
955
635
798
13
67
255
880
100
959
829
446
322
353
955
303
567
275
250
294
386
383
180
590
627
865
176
514
933
692
907
505
808
300
388
686
980
546
86
925
395
546
372
744
716
578
604
507
509
160
389
747
756
670
989
797
196
101
164
309
207
679
580
592
698
293
949
874
340
824
132
841
343
676
640
796
814
565
375
193
342
272
938
381
637
112
242
835
468
34
675
136
659
953
121
463
829
253
589
798
517
35
542
370
978
163
626
985
918
862
939
914
759
910
750
528
322
140
122
362
742
919
947
560
795
725
713
994
492
724
59
519
667
718
578
82
789
767
805
11
901
662
757
27
638
812
489
968
929
632
862
63
679
268
716
463
999
162
402
251
133
364
474
527
833
354
586
514
479
708
237
42
668
842
564
1000
145
606
131
724
245
311
748
261
107
778
343
213
564
916
372
893
498
972
799
621
700
886
622
54
57
157
