100 200 5
1 2 58
2 3 34
3 4 3
4 5 81
5 6 66
6 7 94
7 8 91
8 9 44
9 10 11
10 11 87
11 12 9
12 13 58
13 14 2
14 15 71
15 16 72
16 17 22
17 18 62
18 19 59
19 20 33
20 21 82
21 22 26
22 23 35
23 24 58
24 25 56
25 26 53
26 27 25
27 28 72
28 29 98
29 30 16
30 31 15
31 32 61
32 33 48
33 34 38
34 35 79
35 36 37
36 37 80
37 38 52
38 39 40
39 40 73
40 41 81
41 42 12
42 43 50
43 44 46
44 45 27
45 46 11
46 47 56
47 48 52
48 49 10
49 50 94
50 51 94
51 52 15
52 53 81
53 54 16
54 55 83
55 56 18
56 57 68
57 58 93
58 59 24
59 60 12
60 61 81
61 62 11
62 63 50
63 64 7
64 65 75
65 66 82
66 67 72
67 68 45
68 69 85
69 70 82
70 71 54
71 72 97
72 73 27
73 74 79
74 75 74
75 76 70
76 77 77
77 78 12
78 79 11
79 80 19
80 81 65
81 82 11
82 83 99
83 84 59
84 85 43
85 86 29
86 87 79
87 88 27
88 89 57
89 90 69
90 91 41
91 92 20
92 93 17
93 94 3
94 95 20
95 96 47
96 97 95
97 98 24
98 99 22
99 100 30
53 77 47
83 32 14
100 22 64
26 54 12
62 16 24
13 41 48
79 34 18
74 8 31
92 45 87
55 35 66
25 2 13
7 74 27
82 48 84
34 83 73
36 43 26
20 78 46
52 55 82
80 11 61
53 53 27
22 79 29
6 76 77
64 80 11
84 2 96
69 88 98
41 82 51
79 44 100
74 12 80
29 35 35
100 45 94
78 33 43
93 24 77
77 86 71
64 81 99
18 87 86
73 60 7
56 44 95
82 57 16
90 24 68
33 91 90
7 17 75
45 5 6
58 11 91
21 97 10
72 100 66
61 32 99
36 61 46
5 88 27
93 76 96
53 41 82
93 73 51
71 75 49
96 87 94
4 34 40
45 98 73
50 3 3
52 40 53
7 71 80
71 76 74
5 12 51
90 86 35
71 23 58
25 95 70
33 48 5
1 9 97
25 16 90
49 39 87
80 99 93
33 60 2
81 82 35
11 94 89
19 40 9
48 58 64
97 5 12
58 36 38
79 66 62
13 5 72
73 58 62
62 29 76
70 69 82
21 28 27
77 27 65
1 93 39
26 89 9
63 76 69
16 17 93
63 19 16
80 63 36
10 25 69
92 62 38
82 99 44
83 83 30
89 66 2
41 99 6
81 16 87
81 85 73
5 70 86
33 37 71
33 17 15
9 100 87
58 17 86
