100 200 5
1 2 98
2 3 68
3 4 60
4 5 13
5 6 55
6 7 40
7 8 96
8 9 43
9 10 72
10 11 3
11 12 82
12 13 63
13 14 17
14 15 4
15 16 35
16 17 38
17 18 5
18 19 48
19 20 1
20 21 17
21 22 65
22 23 14
23 24 43
24 25 99
25 26 83
26 27 16
27 28 21
28 29 95
29 30 26
30 31 89
31 32 28
32 33 68
33 34 43
34 35 45
35 36 1
36 37 30
37 38 36
38 39 19
39 40 70
40 41 31
41 42 98
42 43 27
43 44 11
44 45 38
45 46 28
46 47 98
47 48 29
48 49 85
49 50 25
50 51 70
51 52 60
52 53 13
53 54 63
54 55 22
55 56 93
56 57 1
57 58 47
58 59 47
59 60 62
60 61 17
61 62 5
62 63 66
63 64 46
64 65 10
65 66 64
66 67 87
67 68 60
68 69 63
69 70 45
70 71 40
71 72 33
72 73 88
73 74 75
74 75 11
75 76 90
76 77 26
77 78 65
78 79 34
79 80 46
80 81 36
81 82 43
82 83 50
83 84 54
84 85 26
85 86 5
86 87 62
87 88 78
88 89 82
89 90 60
90 91 21
91 92 21
92 93 44
93 94 53
94 95 72
95 96 92
96 97 40
97 98 59
98 99 6
99 100 89
26 52 17
60 42 76
33 22 78
83 3 59
53 45 24
93 3 25
65 26 66
82 98 19
77 3 1
41 19 90
39 80 96
45 26 29
81 74 40
23 64 97
39 59 32
35 9 45
36 24 71
25 20 21
11 35 7
60 84 57
62 50 98
89 16 80
39 74 65
54 71 89
48 73 14
25 10 42
93 17 52
19 75 88
40 28 96
69 22 48
90 82 60
10 64 71
65 45 30
65 4 24
24 90 61
44 94 77
23 49 23
99 35 75
92 24 12
37 84 15
63 90 88
30 87 56
20 50 63
31 81 44
32 64 98
20 45 10
100 55 65
99 77 53
86 74 84
49 34 34
94 25 25
89 44 9
19 83 37
77 35 11
97 12 90
22 11 24
14 13 88
79 29 46
8 38 66
27 18 65
77 100 32
17 61 100
16 12 80
74 96 5
77 1 71
1 98 38
21 83 97
46 15 63
33 41 62
42 24 56
33 91 97
8 13 29
25 23 50
60 68 16
85 23 86
20 25 43
2 39 52
71 14 98
83 24 60
29 53 74
35 91 48
86 19 51
70 94 51
25 72 58
49 22 92
30 83 99
29 49 85
11 56 90
59 63 28
14 18 61
33 17 92
14 66 39
7 24 36
82 12 14
67 52 49
64 14 80
92 59 61
3 42 48
18 13 48
76 26 93
