50 100 5
1 2 8
2 3 78
3 4 98
4 5 89
5 6 74
6 7 69
7 8 93
8 9 83
9 10 4
10 11 59
11 12 32
12 13 96
13 14 38
14 15 92
15 16 46
16 17 72
17 18 46
18 19 71
19 20 90
20 21 47
21 22 65
22 23 39
23 24 99
24 25 41
25 26 37
26 27 90
27 28 15
28 29 54
29 30 12
30 31 16
31 32 23
32 33 55
33 34 65
34 35 99
35 36 39
36 37 71
37 38 100
38 39 63
39 40 95
40 41 62
41 42 14
42 43 49
43 44 69
44 45 28
45 46 74
46 47 16
47 48 8
48 49 66
49 50 35
36 24 9
23 23 40
5 24 84
25 43 90
46 1 23
41 38 75
30 11 17
13 13 36
35 13 88
37 9 32
10 31 76
22 45 56
2 23 71
36 37 55
10 14 80
40 46 74
33 44 40
12 17 77
22 11 27
49 30 20
10 45 24
9 6 77
49 46 8
15 37 16
36 7 2
49 42 30
28 24 77
49 27 55
5 36 32
33 13 25
25 30 71
35 38 47
6 5 52
5 4 35
34 26 91
43 36 10
44 2 6
7 38 79
37 4 4
46 5 30
2 27 27
39 36 27
35 1 75
5 46 85
31 45 94
40 43 53
19 19 65
27 3 15
2 14 11
41 23 20
