100 200 5
1 2 56
2 3 52
3 4 43
4 5 98
5 6 81
6 7 63
7 8 24
8 9 96
9 10 2
10 11 13
11 12 45
12 13 64
13 14 85
14 15 20
15 16 6
16 17 13
17 18 38
18 19 27
19 20 50
20 21 37
21 22 3
22 23 96
23 24 27
24 25 17
25 26 78
26 27 15
27 28 54
28 29 16
29 30 49
30 31 19
31 32 72
32 33 1
33 34 11
34 35 37
35 36 6
36 37 66
37 38 28
38 39 14
39 40 64
40 41 47
41 42 86
42 43 44
43 44 16
44 45 92
45 46 70
46 47 9
47 48 4
48 49 24
49 50 64
50 51 54
51 52 40
52 53 27
53 54 78
54 55 32
55 56 45
56 57 50
57 58 98
58 59 84
59 60 62
60 61 49
61 62 11
62 63 27
63 64 43
64 65 4
65 66 77
66 67 97
67 68 11
68 69 82
69 70 89
70 71 38
71 72 68
72 73 100
73 74 88
74 75 37
75 76 35
76 77 19
77 78 45
78 79 45
79 80 21
80 81 28
81 82 84
82 83 66
83 84 98
84 85 45
85 86 7
86 87 41
87 88 38
88 89 92
89 90 39
90 91 34
91 92 53
92 93 21
93 94 16
94 95 83
95 96 67
96 97 30
97 98 19
98 99 36
99 100 27
55 48 94
74 85 19
87 33 65
4 37 46
1 72 5
50 30 20
22 8 50
90 22 39
32 68 45
73 41 38
45 4 23
65 25 33
30 99 76
10 31 8
90 34 65
72 61 79
71 23 30
17 51 5
54 85 13
77 56 7
37 41 14
13 97 25
86 9 53
89 75 50
83 82 97
64 84 51
12 59 30
87 95 100
94 87 23
10 2 71
11 2 95
52 89 77
60 57 40
74 76 93
83 14 60
23 18 50
42 57 59
66 33 52
40 95 56
39 20 25
49 65 66
87 19 61
29 9 67
37 49 100
70 12 32
54 10 81
10 80 51
74 58 8
70 39 41
35 19 58
29 49 51
11 31 10
33 16 43
92 64 17
23 64 71
77 1 59
14 65 17
72 88 71
46 63 73
32 65 18
77 41 26
46 79 44
98 62 49
5 100 88
26 32 11
22 83 73
98 40 31
55 37 74
20 83 7
59 14 11
81 37 23
34 95 86
72 97 87
85 36 36
19 85 83
3 10 34
80 27 40
25 44 26
39 35 33
8 34 59
32 69 91
85 61 16
29 79 85
44 86 32
10 73 49
19 79 13
61 53 79
16 66 40
9 31 9
99 32 97
98 18 84
95 33 99
61 69 20
49 68 55
15 89 95
21 97 53
62 40 46
26 60 5
44 22 89
23 93 26
