100 200 5
1 2 58
2 3 76
3 4 11
4 5 75
5 6 8
6 7 30
7 8 81
8 9 86
9 10 18
10 11 49
11 12 88
12 13 66
13 14 45
14 15 80
15 16 35
16 17 47
17 18 1
18 19 59
19 20 26
20 21 30
21 22 77
22 23 14
23 24 32
24 25 9
25 26 89
26 27 34
27 28 70
28 29 91
29 30 11
30 31 77
31 32 47
32 33 4
33 34 97
34 35 64
35 36 97
36 37 4
37 38 31
38 39 81
39 40 52
40 41 90
41 42 9
42 43 86
43 44 34
44 45 70
45 46 27
46 47 57
47 48 24
48 49 99
49 50 71
50 51 78
51 52 89
52 53 48
53 54 80
54 55 22
55 56 29
56 57 91
57 58 77
58 59 51
59 60 62
60 61 48
61 62 57
62 63 98
63 64 23
64 65 55
65 66 43
66 67 5
67 68 59
68 69 1
69 70 78
70 71 62
71 72 42
72 73 12
73 74 43
74 75 24
75 76 59
76 77 19
77 78 74
78 79 21
79 80 77
80 81 46
81 82 22
82 83 29
83 84 79
84 85 37
85 86 42
86 87 56
87 88 89
88 89 63
89 90 84
90 91 28
91 92 79
92 93 68
93 94 24
94 95 74
95 96 43
96 97 91
97 98 30
98 99 69
99 100 19
93 70 4
33 80 82
1 72 55
47 62 77
95 56 71
95 46 71
63 27 97
89 88 71
66 27 43
14 78 16
38 60 66
51 76 11
66 37 6
61 48 91
93 90 78
5 1 5
51 72 95
94 7 60
14 68 19
52 86 53
87 26 75
43 74 9
29 34 93
69 16 25
5 7 53
20 39 1
28 19 92
20 66 47
21 21 73
93 63 42
100 88 39
36 43 22
77 35 73
2 5 43
18 31 58
76 70 20
31 74 2
12 13 53
25 6 91
98 22 22
20 62 22
8 29 33
14 13 51
65 52 29
64 32 36
94 27 39
100 62 79
85 45 39
40 48 85
1 62 75
53 72 86
67 82 55
49 16 49
7 49 95
2 57 54
33 19 25
92 47 81
52 47 80
86 29 17
72 30 80
52 32 3
81 38 7
99 49 23
88 84 84
63 80 33
31 30 33
83 67 36
31 21 61
18 8 59
86 17 73
18 37 2
15 11 73
67 55 47
75 16 100
73 51 54
88 80 30
24 75 4
22 79 59
40 46 54
76 61 98
7 25 28
85 79 66
30 23 86
30 11 49
41 19 97
40 26 1
64 34 24
27 61 96
76 6 37
82 21 83
92 81 16
45 31 16
57 39 2
59 13 32
51 9 73
11 79 91
69 55 55
83 66 77
33 91 33
45 82 14
