50 100 5
1 2 73
2 3 65
3 4 71
4 5 73
5 6 50
6 7 14
7 8 52
8 9 74
9 10 51
10 11 99
11 12 54
12 13 22
13 14 4
14 15 88
15 16 62
16 17 84
17 18 87
18 19 18
19 20 49
20 21 79
21 22 78
22 23 80
23 24 11
24 25 8
25 26 12
26 27 11
27 28 21
28 29 51
29 30 70
30 31 4
31 32 54
32 33 73
33 34 47
34 35 92
35 36 13
36 37 79
37 38 65
38 39 23
39 40 12
40 41 70
41 42 31
42 43 86
43 44 66
44 45 11
45 46 94
46 47 10
47 48 87
48 49 43
49 50 47
8 45 14
21 5 3
7 2 65
26 43 56
39 28 18
13 16 57
39 2 13
38 43 50
24 34 50
5 14 30
32 29 33
23 28 55
14 2 76
15 6 79
41 46 51
38 7 4
27 4 31
42 32 70
18 24 26
6 4 46
50 25 86
34 47 52
50 9 42
10 39 84
25 13 51
7 36 43
49 49 20
42 36 66
25 9 40
31 37 25
1 7 36
46 38 66
5 44 58
15 39 14
35 20 11
41 6 13
23 5 19
42 15 29
50 44 51
11 20 99
31 43 78
42 18 34
33 29 47
25 48 19
16 15 61
33 43 41
8 19 54
5 30 10
31 16 77
42 11 77
