100 200 5
1 2 8
2 3 14
3 4 71
4 5 76
5 6 95
6 7 94
7 8 73
8 9 6
9 10 73
10 11 54
11 12 87
12 13 88
13 14 73
14 15 100
15 16 83
16 17 11
17 18 88
18 19 87
19 20 17
20 21 85
21 22 24
22 23 26
23 24 28
24 25 6
25 26 95
26 27 84
27 28 10
28 29 80
29 30 99
30 31 90
31 32 50
32 33 31
33 34 34
34 35 70
35 36 39
36 37 37
37 38 100
38 39 77
39 40 37
40 41 88
41 42 67
42 43 19
43 44 10
44 45 19
45 46 14
46 47 7
47 48 63
48 49 21
49 50 65
50 51 38
51 52 7
52 53 42
53 54 14
54 55 45
55 56 47
56 57 7
57 58 45
58 59 23
59 60 78
60 61 29
61 62 72
62 63 62
63 64 77
64 65 18
65 66 10
66 67 21
67 68 94
68 69 62
69 70 94
70 71 17
71 72 39
72 73 67
73 74 41
74 75 39
75 76 3
76 77 85
77 78 55
78 79 52
79 80 98
80 81 77
81 82 31
82 83 26
83 84 79
84 85 3
85 86 6
86 87 3
87 88 73
88 89 76
89 90 85
90 91 7
91 92 7
92 93 51
93 94 83
94 95 66
95 96 4
96 97 1
97 98 59
98 99 66
99 100 47
79 70 22
89 11 11
40 7 67
38 41 25
35 33 37
89 48 17
3 9 85
86 62 56
84 3 16
95 86 31
99 62 92
66 95 67
61 30 51
56 95 34
99 46 68
27 22 64
7 80 48
58 67 4
15 90 79
84 85 21
31 49 67
26 73 44
89 88 9
24 62 33
57 34 37
87 16 19
31 87 84
32 70 62
79 27 91
73 85 1
59 71 53
40 42 46
1 31 23
34 97 24
72 36 83
16 68 14
60 75 39
48 63 24
91 97 6
12 38 33
44 93 73
21 67 42
83 8 86
36 51 15
22 8 10
46 70 65
76 76 3
40 20 73
34 41 79
33 50 23
77 48 22
70 94 78
38 83 47
10 97 68
51 96 81
100 39 81
87 96 76
3 97 98
75 69 79
33 19 30
85 22 50
40 84 93
88 100 29
41 14 61
8 84 50
63 96 69
55 97 25
37 54 29
43 83 33
45 10 36
64 29 3
41 25 56
3 18 42
51 1 76
21 58 11
41 67 15
42 2 79
82 64 67
11 25 49
86 33 22
60 44 14
26 9 87
60 90 65
43 68 68
30 47 4
12 39 49
60 80 60
28 63 31
29 33 38
54 94 45
65 62 81
98 37 70
69 63 83
34 88 82
99 1 33
46 43 57
35 79 17
91 34 37
45 77 35
73 65 21
