100 200 5
1 2 71
2 3 11
3 4 85
4 5 94
5 6 97
6 7 51
7 8 43
8 9 82
9 10 23
10 11 98
11 12 37
12 13 39
13 14 7
14 15 46
15 16 20
16 17 24
17 18 18
18 19 37
19 20 67
20 21 92
21 22 32
22 23 77
23 24 51
24 25 90
25 26 62
26 27 19
27 28 8
28 29 99
29 30 41
30 31 4
31 32 79
32 33 74
33 34 14
34 35 38
35 36 100
36 37 21
37 38 20
38 39 15
39 40 50
40 41 22
41 42 50
42 43 33
43 44 62
44 45 23
45 46 83
46 47 61
47 48 3
48 49 22
49 50 14
50 51 51
51 52 76
52 53 21
53 54 25
54 55 45
55 56 22
56 57 10
57 58 76
58 59 93
59 60 37
60 61 14
61 62 17
62 63 37
63 64 98
64 65 32
65 66 2
66 67 92
67 68 26
68 69 65
69 70 7
70 71 29
71 72 72
72 73 2
73 74 21
74 75 84
75 76 11
76 77 71
77 78 70
78 79 77
79 80 46
80 81 44
81 82 47
82 83 57
83 84 62
84 85 11
85 86 62
86 87 71
87 88 96
88 89 21
89 90 21
90 91 57
91 92 46
92 93 40
93 94 54
94 95 30
95 96 91
96 97 56
97 98 34
98 99 32
99 100 47
45 82 38
7 36 17
23 39 35
61 35 78
77 48 35
46 15 36
35 45 61
45 59 25
30 83 53
69 75 25
11 23 76
47 40 23
76 31 5
64 90 42
24 90 58
3 54 11
2 21 82
44 12 88
46 34 61
72 68 77
100 93 48
59 68 85
70 68 83
21 63 64
39 89 31
83 77 32
57 82 97
92 17 39
43 80 70
69 53 47
52 65 62
30 8 48
45 19 19
1 32 35
45 34 59
68 75 85
38 75 45
40 14 67
74 32 99
95 46 53
71 65 67
3 58 39
47 18 85
29 21 11
5 97 71
8 76 32
56 46 92
53 14 82
60 56 33
90 43 76
10 18 1
36 41 40
18 46 82
25 80 24
37 54 35
97 12 20
86 13 71
27 19 56
64 88 70
59 29 76
40 31 24
15 18 10
38 13 12
47 40 95
49 41 94
64 22 90
72 53 49
55 40 12
57 62 85
3 12 17
9 95 16
89 40 76
20 88 23
16 95 46
2 46 80
7 31 22
28 19 96
9 11 68
98 70 85
80 81 13
91 60 100
46 52 65
70 12 47
57 15 100
24 62 5
33 19 16
73 90 71
74 80 24
3 5 32
16 67 23
91 27 37
57 93 24
12 45 68
78 35 46
84 82 18
53 2 32
95 51 1
68 13 9
68 23 56
54 61 71
