50 100 5
1 2 95
2 3 82
3 4 97
4 5 84
5 6 85
6 7 11
7 8 45
8 9 80
9 10 83
10 11 83
11 12 23
12 13 47
13 14 25
14 15 17
15 16 73
16 17 26
17 18 6
18 19 84
19 20 18
20 21 47
21 22 51
22 23 30
23 24 19
24 25 4
25 26 81
26 27 80
27 28 85
28 29 31
29 30 9
30 31 89
31 32 85
32 33 65
33 34 43
34 35 100
35 36 32
36 37 3
37 38 77
38 39 12
39 40 92
40 41 76
41 42 28
42 43 41
43 44 47
44 45 63
45 46 41
46 47 88
47 48 14
48 49 93
49 50 6
26 17 71
4 20 45
16 27 36
41 21 27
49 18 54
31 42 46
45 12 51
14 49 33
24 34 99
37 3 71
2 35 79
4 9 84
10 24 80
13 21 32
8 4 3
13 22 23
32 16 95
11 48 19
35 41 7
38 30 31
50 17 75
49 47 74
49 9 54
19 42 25
5 24 75
12 33 18
18 43 35
40 49 73
46 46 19
30 15 79
14 27 42
41 47 17
7 20 60
4 28 68
7 15 75
7 34 69
44 33 82
23 14 49
8 14 38
44 27 74
40 3 42
37 6 2
3 32 67
26 33 39
13 11 93
20 17 17
21 26 25
22 4 26
33 7 50
48 33 22
