50 100 5
1 2 41
2 3 57
3 4 7
4 5 94
5 6 1
6 7 40
7 8 63
8 9 35
9 10 42
10 11 56
11 12 54
12 13 24
13 14 49
14 15 87
15 16 85
16 17 15
17 18 32
18 19 97
19 20 46
20 21 62
21 22 80
22 23 92
23 24 99
24 25 81
25 26 7
26 27 86
27 28 12
28 29 86
29 30 31
30 31 4
31 32 93
32 33 47
33 34 84
34 35 7
35 36 51
36 37 30
37 38 32
38 39 4
39 40 55
40 41 66
41 42 27
42 43 15
43 44 31
44 45 23
45 46 46
46 47 95
47 48 15
48 49 66
49 50 37
22 12 99
4 26 70
23 40 38
27 21 62
35 46 78
34 40 42
28 14 76
27 39 34
24 40 64
15 33 29
25 13 52
19 32 31
29 1 15
16 24 47
7 14 27
2 22 55
14 37 67
25 15 99
8 1 100
48 11 94
33 26 17
5 6 93
43 22 27
11 21 63
31 22 46
21 19 56
4 24 53
28 34 100
6 31 12
47 46 41
15 5 8
5 47 84
41 18 14
25 23 34
27 5 19
7 13 38
1 7 75
28 5 44
27 50 69
50 44 97
47 32 42
20 6 85
36 4 55
7 14 28
14 40 15
24 27 50
29 3 11
27 12 57
32 8 49
50 47 78
