50 100 5
1 2 3
2 3 69
3 4 14
4 5 12
5 6 90
6 7 53
7 8 5
8 9 65
9 10 85
10 11 65
11 12 49
12 13 8
13 14 56
14 15 33
15 16 80
16 17 42
17 18 26
18 19 27
19 20 19
20 21 9
21 22 27
22 23 25
23 24 57
24 25 81
25 26 28
26 27 98
27 28 3
28 29 34
29 30 61
30 31 16
31 32 62
32 33 38
33 34 15
34 35 30
35 36 1
36 37 84
37 38 41
38 39 1
39 40 86
40 41 3
41 42 90
42 43 8
43 44 83
44 45 83
45 46 62
46 47 47
47 48 63
48 49 55
49 50 42
21 13 81
1 31 94
6 50 54
22 2 2
26 16 40
21 32 32
15 50 87
40 27 67
27 40 20
43 25 67
30 35 67
11 38 50
36 21 66
38 8 53
18 25 86
33 13 68
36 37 34
17 10 65
39 19 57
25 31 24
25 5 69
47 37 12
34 50 80
13 3 81
18 36 15
3 49 34
35 42 39
24 23 26
10 21 75
18 46 60
32 36 1
45 5 83
33 31 65
15 45 18
9 21 66
11 42 100
18 26 71
38 29 11
41 27 38
28 17 87
26 5 96
27 37 24
50 40 65
38 22 32
7 40 85
12 36 21
31 14 77
41 30 97
19 38 56
1 22 62
