50 100 5
1 2 82
2 3 57
3 4 24
4 5 10
5 6 53
6 7 42
7 8 27
8 9 67
9 10 77
10 11 57
11 12 56
12 13 90
13 14 66
14 15 56
15 16 54
16 17 45
17 18 19
18 19 62
19 20 13
20 21 87
21 22 93
22 23 34
23 24 17
24 25 81
25 26 77
26 27 38
27 28 87
28 29 62
29 30 92
30 31 36
31 32 62
32 33 43
33 34 69
34 35 32
35 36 52
36 37 92
37 38 8
38 39 92
39 40 15
40 41 93
41 42 52
42 43 31
43 44 28
44 45 98
45 46 5
46 47 25
47 48 62
48 49 49
49 50 15
44 33 86
4 3 74
39 39 63
37 43 61
43 20 46
19 26 12
16 43 40
23 36 27
3 34 72
21 49 95
46 1 84
13 13 15
47 7 97
50 44 80
44 27 40
42 22 9
44 48 38
50 20 94
42 4 57
26 39 92
3 41 68
3 14 14
43 20 81
10 5 25
32 31 5
45 3 80
29 4 53
45 48 76
23 5 82
47 39 27
10 32 58
48 43 41
24 6 85
46 11 99
36 35 76
45 43 28
1 15 61
8 19 59
43 11 29
16 43 15
36 14 43
14 18 7
7 29 54
21 15 29
31 27 4
24 44 60
4 34 87
6 38 74
19 44 53
28 3 12
