100 200 5
1 2 11
2 3 37
3 4 28
4 5 51
5 6 28
6 7 1
7 8 44
8 9 13
9 10 24
10 11 9
11 12 2
12 13 51
13 14 98
14 15 26
15 16 100
16 17 99
17 18 18
18 19 99
19 20 64
20 21 10
21 22 61
22 23 41
23 24 36
24 25 49
25 26 92
26 27 34
27 28 75
28 29 72
29 30 26
30 31 17
31 32 92
32 33 67
33 34 23
34 35 38
35 36 23
36 37 8
37 38 55
38 39 57
39 40 2
40 41 89
41 42 38
42 43 86
43 44 2
44 45 40
45 46 73
46 47 11
47 48 45
48 49 37
49 50 25
50 51 36
51 52 29
52 53 29
53 54 20
54 55 69
55 56 11
56 57 68
57 58 61
58 59 91
59 60 83
60 61 57
61 62 77
62 63 76
63 64 91
64 65 34
65 66 30
66 67 94
67 68 75
68 69 17
69 70 6
70 71 32
71 72 31
72 73 15
73 74 94
74 75 70
75 76 74
76 77 71
77 78 80
78 79 19
79 80 2
80 81 72
81 82 17
82 83 30
83 84 1
84 85 92
85 86 52
86 87 28
87 88 73
88 89 48
89 90 12
90 91 49
91 92 28
92 93 28
93 94 55
94 95 50
95 96 90
96 97 34
97 98 48
98 99 63
99 100 41
64 28 81
16 22 90
42 2 19
58 81 20
68 22 20
39 15 12
26 76 41
53 10 54
40 94 42
40 40 75
30 90 6
80 24 42
27 87 68
68 14 4
42 10 56
87 2 6
11 59 46
5 11 31
22 72 65
76 52 85
13 43 24
63 91 39
70 44 58
82 55 51
43 18 97
85 91 4
53 11 62
17 2 6
9 10 77
11 25 1
81 33 1
80 76 96
38 8 9
81 3 32
85 86 60
99 1 78
80 15 61
43 100 26
70 13 10
6 43 22
44 78 94
59 47 56
7 16 14
32 33 33
57 43 26
10 79 60
53 41 22
48 5 84
19 34 78
96 3 4
90 3 61
37 58 71
52 63 44
49 72 79
6 90 30
74 64 54
28 29 97
22 31 85
80 39 56
75 11 38
15 44 38
47 87 56
66 51 3
44 34 86
16 81 22
34 14 13
69 60 33
51 12 37
65 18 76
86 86 44
82 80 50
55 28 15
9 40 79
7 24 73
1 40 20
93 18 23
70 16 15
68 85 60
79 12 25
8 3 18
66 51 20
76 96 38
25 34 10
40 40 87
98 40 44
81 88 25
40 58 1
93 32 72
56 72 48
87 96 84
5 69 75
37 98 47
58 21 86
40 50 46
88 39 89
88 46 63
17 47 50
1 39 62
21 72 8
40 5 89
