100 200 5
1 2 64
2 3 7
3 4 32
4 5 92
5 6 100
6 7 27
7 8 96
8 9 15
9 10 79
10 11 7
11 12 92
12 13 33
13 14 59
14 15 64
15 16 3
16 17 89
17 18 60
18 19 2
19 20 45
20 21 45
21 22 62
22 23 7
23 24 89
24 25 67
25 26 63
26 27 85
27 28 95
28 29 29
29 30 91
30 31 6
31 32 97
32 33 86
33 34 54
34 35 1
35 36 11
36 37 96
37 38 95
38 39 25
39 40 95
40 41 22
41 42 44
42 43 57
43 44 24
44 45 28
45 46 99
46 47 41
47 48 99
48 49 12
49 50 56
50 51 49
51 52 53
52 53 6
53 54 57
54 55 56
55 56 89
56 57 78
57 58 15
58 59 85
59 60 6
60 61 18
61 62 2
62 63 36
63 64 35
64 65 78
65 66 2
66 67 91
67 68 17
68 69 95
69 70 82
70 71 80
71 72 54
72 73 44
73 74 76
74 75 47
75 76 10
76 77 32
77 78 50
78 79 48
79 80 56
80 81 31
81 82 71
82 83 48
83 84 44
84 85 9
85 86 61
86 87 69
87 88 90
88 89 70
89 90 81
90 91 65
91 92 66
92 93 64
93 94 19
94 95 33
95 96 85
96 97 23
97 98 15
98 99 6
99 100 57
84 85 76
95 47 22
75 63 39
46 41 43
13 54 67
1 44 45
81 68 93
39 89 97
50 90 9
58 53 10
37 51 62
58 88 39
100 69 22
33 29 98
87 46 62
52 36 41
63 3 19
88 55 17
86 61 93
88 11 7
91 63 93
47 29 66
76 46 86
22 80 8
52 96 93
40 36 88
12 52 28
71 98 75
39 38 99
5 98 38
67 92 80
82 18 80
10 67 53
15 14 96
45 72 44
42 6 42
88 38 1
29 11 28
48 37 25
47 42 57
80 84 39
63 94 70
24 59 80
45 28 60
22 37 90
7 40 21
73 100 83
1 75 61
54 26 35
91 71 36
79 61 67
98 64 52
9 76 18
36 59 70
81 45 13
53 88 88
98 53 60
22 30 22
87 57 41
28 8 34
25 59 30
82 38 50
69 36 33
28 82 96
28 98 70
60 68 49
85 34 58
24 56 9
46 59 69
77 85 74
72 6 19
68 18 45
62 55 31
16 97 26
93 70 82
65 10 66
17 92 11
84 5 22
15 2 93
80 63 37
33 13 36
18 76 80
73 25 26
85 29 15
29 18 46
11 23 60
64 55 53
9 37 40
65 93 20
37 71 10
12 29 33
77 28 65
81 57 59
75 31 6
11 92 6
64 67 44
76 3 62
98 45 84
59 85 53
76 85 66
