50 100 5
1 2 34
2 3 73
3 4 35
4 5 5
5 6 9
6 7 90
7 8 32
8 9 72
9 10 25
10 11 99
11 12 30
12 13 68
13 14 42
14 15 25
15 16 38
16 17 46
17 18 52
18 19 1
19 20 66
20 21 83
21 22 77
22 23 4
23 24 59
24 25 95
25 26 62
26 27 76
27 28 3
28 29 23
29 30 7
30 31 86
31 32 90
32 33 24
33 34 33
34 35 55
35 36 85
36 37 95
37 38 61
38 39 8
39 40 48
40 41 20
41 42 44
42 43 41
43 44 8
44 45 84
45 46 19
46 47 58
47 48 43
48 49 89
49 50 51
6 27 33
22 26 89
14 36 78
14 8 44
42 10 16
15 35 79
15 19 36
41 4 52
24 3 40
21 23 18
40 2 8
15 1 97
45 41 1
15 41 81
32 8 16
11 26 44
25 43 81
6 9 7
44 2 42
9 27 1
20 49 67
46 11 35
25 27 37
21 45 70
15 35 99
14 25 38
9 42 100
46 8 86
18 20 23
9 5 61
15 21 78
9 36 75
5 36 57
28 38 9
35 22 74
14 31 55
10 10 82
36 16 32
26 15 29
43 24 57
50 43 50
2 27 93
11 33 55
2 48 9
35 34 1
23 40 74
31 4 53
4 34 57
7 13 64
24 36 35
