100 200 5
1 2 30
2 3 27
3 4 49
4 5 92
5 6 62
6 7 56
7 8 99
8 9 33
9 10 69
10 11 82
11 12 53
12 13 94
13 14 15
14 15 65
15 16 29
16 17 74
17 18 91
18 19 91
19 20 81
20 21 13
21 22 100
22 23 48
23 24 13
24 25 78
25 26 18
26 27 85
27 28 32
28 29 65
29 30 92
30 31 19
31 32 67
32 33 82
33 34 75
34 35 33
35 36 84
36 37 1
37 38 34
38 39 91
39 40 48
40 41 90
41 42 45
42 43 90
43 44 43
44 45 31
45 46 32
46 47 66
47 48 82
48 49 6
49 50 82
50 51 34
51 52 11
52 53 66
53 54 91
54 55 7
55 56 18
56 57 65
57 58 67
58 59 2
59 60 7
60 61 74
61 62 95
62 63 89
63 64 47
64 65 72
65 66 88
66 67 48
67 68 60
68 69 73
69 70 97
70 71 19
71 72 56
72 73 57
73 74 82
74 75 56
75 76 17
76 77 15
77 78 30
78 79 46
79 80 47
80 81 13
81 82 75
82 83 41
83 84 66
84 85 95
85 86 77
86 87 11
87 88 35
88 89 75
89 90 67
90 91 12
91 92 46
92 93 54
93 94 8
94 95 71
95 96 47
96 97 90
97 98 56
98 99 67
99 100 16
59 2 50
71 25 44
91 27 94
72 7 49
14 48 2
20 71 66
69 33 12
11 58 4
50 92 33
61 38 6
30 20 92
79 88 83
11 81 96
48 65 70
36 64 26
87 81 28
60 56 43
31 98 65
22 92 15
5 76 74
36 84 34
34 78 73
29 74 13
47 46 42
94 44 26
25 91 91
1 68 84
19 63 84
42 100 6
75 13 48
7 65 61
86 75 30
3 54 90
77 76 16
27 98 41
35 3 27
10 42 99
19 75 30
61 91 74
76 49 24
77 60 71
100 82 80
87 58 43
13 29 53
43 28 3
67 56 34
42 9 60
59 17 29
8 94 16
81 71 68
7 69 89
26 23 89
7 38 77
18 45 10
68 84 39
17 10 27
59 25 97
42 7 33
79 89 82
9 38 87
37 22 45
95 46 75
65 3 13
63 21 19
4 20 41
87 69 53
50 68 73
79 81 4
43 32 2
26 21 57
19 4 57
90 55 73
83 10 52
82 53 59
54 7 98
37 69 9
23 19 92
70 37 66
18 25 69
1 73 45
24 67 24
34 44 80
56 13 81
90 7 48
73 21 71
96 75 9
80 34 83
40 25 12
70 77 63
82 6 4
78 89 28
77 68 99
8 79 56
40 89 85
45 56 61
86 3 66
70 78 70
93 28 87
38 59 42
32 75 99
