50 100 5
1 2 100
2 3 15
3 4 6
4 5 9
5 6 74
6 7 64
7 8 19
8 9 16
9 10 52
10 11 39
11 12 24
12 13 37
13 14 76
14 15 13
15 16 60
16 17 29
17 18 37
18 19 27
19 20 17
20 21 49
21 22 99
22 23 47
23 24 87
24 25 53
25 26 33
26 27 6
27 28 78
28 29 59
29 30 21
30 31 89
31 32 34
32 33 32
33 34 96
34 35 24
35 36 98
36 37 18
37 38 94
38 39 6
39 40 14
40 41 43
41 42 54
42 43 2
43 44 71
44 45 75
45 46 93
46 47 29
47 48 69
48 49 42
49 50 24
41 19 6
37 11 87
22 35 87
45 2 46
3 2 26
42 43 85
32 5 97
38 10 9
41 43 51
46 19 6
46 9 75
21 10 94
36 34 74
8 44 38
32 37 65
8 43 86
13 47 25
9 29 37
38 2 10
25 42 59
5 3 14
7 37 34
22 29 63
41 16 64
12 32 45
20 34 72
18 48 43
10 24 10
12 33 81
42 43 84
32 35 56
24 48 23
2 11 56
9 47 95
43 48 33
6 24 92
4 30 19
16 42 32
13 45 90
46 38 58
44 14 91
38 20 10
11 20 76
44 7 67
23 7 69
34 30 96
10 29 3
16 14 77
20 41 64
26 13 9
