50 100 5
1 2 43
2 3 43
3 4 4
4 5 85
5 6 19
6 7 97
7 8 85
8 9 67
9 10 53
10 11 73
11 12 65
12 13 4
13 14 76
14 15 6
15 16 19
16 17 50
17 18 6
18 19 61
19 20 22
20 21 6
21 22 47
22 23 51
23 24 51
24 25 43
25 26 13
26 27 8
27 28 11
28 29 72
29 30 33
30 31 38
31 32 31
32 33 51
33 34 64
34 35 83
35 36 61
36 37 35
37 38 27
38 39 78
39 40 28
40 41 65
41 42 2
42 43 22
43 44 100
44 45 41
45 46 72
46 47 37
47 48 81
48 49 89
49 50 64
9 13 71
18 49 59
11 33 4
32 48 19
31 48 73
42 16 50
45 32 5
21 2 96
8 39 62
13 4 83
34 12 80
23 4 74
21 12 83
10 39 92
16 24 53
5 50 15
30 7 1
35 6 25
34 17 82
45 49 48
3 26 30
26 8 79
47 4 39
26 27 47
20 37 13
19 46 12
28 36 16
42 38 5
42 16 52
4 13 69
38 21 7
45 6 62
36 19 68
45 18 50
2 23 41
38 4 52
16 44 90
33 16 32
13 38 99
20 43 64
2 49 55
16 45 93
22 18 16
8 30 22
3 8 20
3 30 73
34 12 43
6 43 27
14 18 57
21 1 37
