100 200 5
1 2 46
2 3 47
3 4 29
4 5 19
5 6 4
6 7 66
7 8 20
8 9 24
9 10 98
10 11 44
11 12 100
12 13 5
13 14 70
14 15 82
15 16 77
16 17 53
17 18 69
18 19 61
19 20 94
20 21 33
21 22 57
22 23 71
23 24 32
24 25 49
25 26 44
26 27 22
27 28 4
28 29 19
29 30 87
30 31 74
31 32 68
32 33 58
33 34 10
34 35 33
35 36 17
36 37 98
37 38 27
38 39 87
39 40 24
40 41 18
41 42 12
42 43 80
43 44 53
44 45 46
45 46 61
46 47 90
47 48 67
48 49 57
49 50 14
50 51 24
51 52 68
52 53 84
53 54 63
54 55 23
55 56 95
56 57 97
57 58 57
58 59 39
59 60 20
60 61 34
61 62 62
62 63 63
63 64 85
64 65 30
65 66 48
66 67 70
67 68 93
68 69 35
69 70 90
70 71 86
71 72 65
72 73 77
73 74 35
74 75 91
75 76 51
76 77 69
77 78 83
78 79 71
79 80 32
80 81 56
81 82 90
82 83 64
83 84 42
84 85 60
85 86 84
86 87 59
87 88 94
88 89 71
89 90 70
90 91 39
91 92 58
92 93 10
93 94 84
94 95 31
95 96 46
96 97 27
97 98 6
98 99 44
99 100 16
13 2 4
75 52 83
47 28 46
84 45 62
5 45 96
44 52 40
79 45 77
95 15 46
23 23 16
22 96 42
69 53 36
23 17 14
10 65 89
36 38 40
14 87 96
62 30 63
53 68 70
91 91 29
27 84 66
92 65 88
21 100 94
2 22 83
41 43 99
31 33 91
64 20 68
52 64 59
91 63 40
24 17 85
8 82 44
84 99 24
88 15 99
97 51 40
3 66 50
95 75 71
23 17 51
10 87 60
93 65 76
69 6 89
46 18 22
8 56 2
94 27 72
85 54 46
22 58 29
89 74 51
59 19 6
36 93 63
60 92 5
37 69 17
51 57 13
1 96 56
26 69 55
35 60 98
94 63 49
39 99 93
46 62 40
90 87 80
12 1 62
59 8 59
13 20 88
69 36 32
54 59 81
36 41 90
69 22 34
81 12 30
5 23 95
62 58 63
33 1 51
47 79 93
93 80 90
54 43 39
56 90 90
4 73 24
84 35 6
10 79 52
75 59 98
6 2 33
17 6 31
68 73 78
52 5 91
54 62 2
59 41 24
48 27 75
58 9 25
24 26 42
76 11 11
50 89 65
90 21 16
39 22 55
47 57 55
46 21 80
24 88 84
14 76 96
74 33 89
3 35 71
17 82 38
32 87 34
88 5 48
42 2 38
19 78 79
86 10 81
