100 200 5
1 2 28
2 3 68
3 4 67
4 5 60
5 6 36
6 7 24
7 8 60
8 9 36
9 10 78
10 11 61
11 12 67
12 13 57
13 14 73
14 15 16
15 16 8
16 17 54
17 18 27
18 19 77
19 20 73
20 21 23
21 22 7
22 23 55
23 24 10
24 25 52
25 26 42
26 27 76
27 28 49
28 29 47
29 30 64
30 31 2
31 32 74
32 33 28
33 34 77
34 35 77
35 36 75
36 37 93
37 38 11
38 39 12
39 40 77
40 41 47
41 42 43
42 43 56
43 44 5
44 45 24
45 46 61
46 47 15
47 48 47
48 49 44
49 50 68
50 51 95
51 52 93
52 53 9
53 54 73
54 55 70
55 56 80
56 57 84
57 58 35
58 59 28
59 60 5
60 61 72
61 62 38
62 63 76
63 64 4
64 65 72
65 66 23
66 67 3
67 68 11
68 69 83
69 70 36
70 71 70
71 72 53
72 73 26
73 74 45
74 75 46
75 76 97
76 77 6
77 78 67
78 79 54
79 80 44
80 81 38
81 82 17
82 83 28
83 84 78
84 85 2
85 86 83
86 87 57
87 88 48
88 89 20
89 90 21
90 91 87
91 92 18
92 93 5
93 94 23
94 95 84
95 96 87
96 97 41
97 98 64
98 99 37
99 100 53
91 19 12
63 10 49
91 28 17
79 22 11
55 9 24
64 69 55
40 44 96
47 79 90
72 25 48
94 15 81
36 89 53
14 55 31
56 28 92
71 84 56
18 75 14
38 12 1
28 17 47
32 89 47
2 65 45
72 30 81
64 49 81
11 27 6
96 89 4
39 48 38
25 42 58
61 83 97
35 21 68
1 49 65
47 87 33
56 59 71
13 22 38
76 82 5
64 10 46
76 36 64
43 41 9
86 46 27
57 72 27
39 45 48
80 55 60
4 2 94
13 54 15
85 1 5
19 13 25
48 50 70
79 64 54
58 34 58
80 100 85
37 11 15
11 87 89
73 5 90
59 100 47
46 87 41
86 97 100
24 76 95
6 92 78
78 35 44
76 87 2
92 90 69
97 5 74
65 17 41
51 70 11
74 65 47
32 13 74
17 15 34
42 2 23
70 83 97
72 59 55
17 93 83
89 23 82
53 47 31
45 85 7
58 54 55
72 98 7
13 67 12
26 31 67
32 20 72
22 5 7
92 49 91
80 91 1
41 42 81
65 22 100
79 62 100
32 58 47
34 54 31
78 26 96
8 29 8
51 95 63
56 45 90
22 91 45
41 5 32
89 96 25
18 61 65
7 86 94
59 22 21
99 13 63
68 73 84
14 31 94
17 80 2
71 56 28
9 83 67
