50 100 5
1 2 3
2 3 63
3 4 50
4 5 20
5 6 84
6 7 87
7 8 32
8 9 63
9 10 8
10 11 13
11 12 86
12 13 61
13 14 12
14 15 50
15 16 87
16 17 99
17 18 59
18 19 34
19 20 7
20 21 79
21 22 100
22 23 45
23 24 51
24 25 19
25 26 96
26 27 79
27 28 85
28 29 44
29 30 19
30 31 78
31 32 67
32 33 75
33 34 12
34 35 6
35 36 75
36 37 82
37 38 55
38 39 10
39 40 68
40 41 93
41 42 90
42 43 44
43 44 16
44 45 72
45 46 64
46 47 65
47 48 44
48 49 57
49 50 2
47 27 92
38 12 84
50 47 18
9 9 95
17 41 23
47 40 3
42 11 8
23 20 69
14 17 24
13 4 73
3 38 30
10 27 73
44 30 100
43 6 100
40 32 35
33 8 97
41 4 2
48 32 4
8 15 7
10 13 45
37 46 59
41 30 67
1 10 15
36 3 60
34 38 81
48 35 55
45 9 28
15 35 19
42 23 38
32 5 41
38 15 22
31 16 84
11 41 79
26 40 52
35 3 77
50 26 35
46 12 53
32 25 40
27 10 36
37 20 86
4 40 73
20 18 53
13 2 27
38 15 28
35 23 1
38 37 9
21 7 62
32 29 85
8 21 53
24 24 82
