50 100 5
1 2 1
2 3 100
3 4 100
4 5 6
5 6 29
6 7 55
7 8 17
8 9 43
9 10 77
10 11 4
11 12 4
12 13 38
13 14 26
14 15 66
15 16 78
16 17 77
17 18 57
18 19 36
19 20 47
20 21 86
21 22 23
22 23 35
23 24 90
24 25 7
25 26 30
26 27 86
27 28 57
28 29 22
29 30 40
30 31 59
31 32 58
32 33 71
33 34 77
34 35 56
35 36 100
36 37 22
37 38 22
38 39 91
39 40 63
40 41 82
41 42 20
42 43 5
43 44 43
44 45 10
45 46 17
46 47 92
47 48 9
48 49 31
49 50 18
27 6 49
35 40 93
6 2 92
6 32 73
36 9 68
13 15 53
50 6 72
6 43 44
15 13 23
47 39 73
24 25 8
26 19 94
23 25 59
3 48 1
18 42 61
7 31 62
39 32 37
31 16 7
23 32 69
20 19 72
17 9 24
23 16 60
7 30 35
4 11 12
7 17 12
31 37 79
7 2 19
29 4 22
45 42 40
6 21 88
38 3 17
11 37 50
22 41 19
26 1 36
24 18 1
13 30 18
29 21 53
27 33 24
34 38 38
43 37 87
27 42 61
14 9 81
18 39 24
35 48 11
9 13 70
12 36 50
31 36 18
23 22 51
42 14 49
12 44 15
