i=1		n=100		p=5
27 pontos dominantes
13 210
68 205
80 190
93 186
133 184
155 183
160 175
185 173
200 162
213 155
288 154
334 153
340 151
341 150
399 146
412 142
426 141
493 140
546 139
563 137
599 136
695 135
709 134
753 133
781 130
824 128
1232 127
Tempo(s): 33.835

i=1		n=100		p=10
46 pontos dominantes
13 210
68 206
80 190
93 186
133 184
155 183
160 177
172 175
185 173
200 162
213 155
263 154
334 152
340 151
347 150
399 148
412 147
416 143
426 140
546 136
642 130
709 129
741 128
794 123
808 122
831 118
887 116
1037 113
1117 112
1405 111
1528 110
1586 108
1633 107
1668 106
1824 105
2034 103
2100 102
2256 101
2567 100
2744 99
2872 98
3316 97
3347 96
3392 95
3738 93
3905 91
Tempo(s): 34.87

i=1		n=100		p=15
