i=1		n=100		p=5
20 pontos dominantes
13 210
68 199
80 190
93 186
133 184
155 183
160 175
185 173
200 162
213 155
263 154
267 150
399 144
412 142
426 140
546 136
642 130
709 129
824 128
1232 127
Tempo(s): 233.331

i=1		n=100		p=10
39 pontos dominantes
13 210
68 199
80 190
93 186
133 184
155 183
160 175
185 173
200 162
213 155
263 154
267 150
399 144
412 142
426 140
546 136
642 130
709 129
741 128
794 123
808 122
831 118
887 116
1037 112
1405 111
1528 110
1586 108
1589 107
1651 106
1704 105
2017 103
2100 102
2256 101
2567 100
2668 99
2872 98
3316 95
3738 93
3905 91
Tempo(s): 660.687

i=1		n=100		p=15
44 pontos dominantes
13 210
68 199
80 190
93 186
133 184
155 183
160 175
185 173
200 162
213 155
263 154
267 150
399 144
412 142
426 140
546 136
642 130
709 129
741 128
794 123
808 122
831 118
887 116
1037 112
1405 111
1441 110
1444 107
1506 105
1552 103
1618 102
1716 98
1896 97
1902 95
2294 94
2310 93
2682 90
2722 89
3181 88
3321 87
3400 85
3488 84
5117 82
5290 81
5545 79
Tempo(s): 570.192

i=2		n=100		p=5
20 pontos dominantes
14 282
15 248
21 245
30 215
45 206
51 200
57 199
66 198
121 191
142 188
157 182
158 169
215 166
279 153
300 145
570 141
800 138
940 137
1150 130
1202 128
Tempo(s): 194.355

i=2		n=100		p=10
33 pontos dominantes
14 282
15 248
21 245
30 215
45 206
51 200
57 199
66 198
121 191
142 188
157 182
158 169
215 166
279 153
300 145
570 141
684 137
757 136
771 130
809 126
927 123
1206 120
1220 119
1287 118
1345 117
1456 112
1624 108
1914 107
1946 105
2071 102
2947 101
3128 100
3673 98
Tempo(s): 398.778

i=2		n=100		p=15
44 pontos dominantes
14 282
15 248
21 245
30 215
45 206
51 200
57 199
66 198
121 191
142 188
157 182
158 169
215 166
279 153
300 145
570 141
684 137
757 136
771 130
809 126
927 123
1206 120
1220 119
1287 118
1345 117
1456 112
1624 108
1732 105
1749 104
1896 102
1932 99
2043 98
2340 97
2927 96
3183 95
3684 93
3838 91
3847 90
3866 88
3977 87
4101 86
4602 85
5069 84
5207 83
Tempo(s): 524.857

i=3		n=100		p=5
19 pontos dominantes
10 285
19 268
29 244
71 225
250 217
316 201
326 195
452 186
721 180
765 175
780 170
810 164
1012 147
1257 146
1366 145
1432 137
1651 134
1992 129
2421 127
Tempo(s): 265.919

i=3		n=100		p=10
44 pontos dominantes
10 285
19 268
29 244
71 225
250 217
316 201
326 195
452 186
721 180
765 175
780 170
810 164
900 157
930 152
982 148
1012 147
1034 143
1043 142
1090 137
1179 134
1327 131
1346 128
1439 120
1904 119
1920 116
1997 114
2169 113
2181 112
2234 110
2262 108
2264 107
2271 106
2545 105
2600 104
2779 103
3000 102
3116 101
3267 100
3302 99
3652 98
3805 97
4474 96
4688 95
5067 93
Tempo(s): 719.423

i=3		n=100		p=15
48 pontos dominantes
10 285
19 268
29 244
71 225
250 217
316 201
326 195
452 186
721 180
765 175
780 170
810 164
900 157
930 152
982 148
1012 147
1034 143
1043 142
1090 137
1179 134
1327 131
1346 128
1439 120
1904 119
1920 116
1997 114
2169 113
2181 112
2234 110
2245 108
2264 107
2271 106
2330 105
2426 104
2534 103
2728 102
3000 101
3155 100
3166 98
3299 97
3448 96
3534 93
4070 92
4170 91
4922 88
5709 87
5813 86
5863 85
Tempo(s): 567.838

i=4		n=100		p=5
18 pontos dominantes
39 272
43 258
82 255
125 204
164 197
178 196
305 195
330 182
410 180
444 173
460 169
524 161
582 158
741 154
828 147
935 142
949 140
2005 135
Tempo(s): 190.373

i=4		n=100		p=10
35 pontos dominantes
39 272
43 258
82 255
125 204
164 197
178 196
305 195
330 182
410 180
444 173
460 169
524 161
582 158
741 154
828 147
935 142
949 140
1153 139
1454 138
1455 134
1493 133
1546 130
1652 128
1701 125
1904 122
2069 120
2174 117
2196 115
2768 114
3258 112
3493 111
3521 109
4000 108
4453 107
4529 102
Tempo(s): 526.183

i=4		n=100		p=15
45 pontos dominantes
39 272
43 258
82 255
125 204
164 197
178 196
305 195
330 182
410 180
444 173
460 169
524 161
582 158
741 154
828 147
935 142
949 140
1153 139
1454 138
1455 134
1493 133
1546 130
1652 128
1701 125
1904 122
2069 120
2174 117
2196 115
2395 114
2767 112
3002 111
3214 108
3620 107
3628 102
3727 101
3795 99
4068 96
4088 94
4433 93
4929 92
5112 91
5576 87
5753 86
6132 85
6492 84
Tempo(s): 607.99

i=5		n=100		p=5
21 pontos dominantes
28 254
33 215
61 173
73 162
107 157
158 155
159 152
232 151
297 150
417 146
429 143
430 142
551 129
603 128
669 127
932 124
1070 122
1200 121
1270 119
1351 118
2074 116
Tempo(s): 184.857

i=5		n=100		p=10
33 pontos dominantes
28 254
33 215
61 173
73 162
107 157
158 155
159 152
232 151
297 150
417 146
429 143
430 142
551 129
603 128
669 127
875 125
932 124
956 122
1119 120
1138 119
1303 118
1375 117
1520 115
1540 112
1621 109
1661 108
1713 103
2153 100
2390 94
2416 93
2865 92
2966 91
3450 90
Tempo(s): 299.984

i=5		n=100		p=15
41 pontos dominantes
28 254
33 215
61 173
73 162
107 157
158 155
159 152
232 151
297 150
417 146
429 143
430 142
551 129
603 128
669 127
875 125
932 124
956 122
1119 120
1138 119
1303 118
1375 117
1520 115
1540 112
1621 109
1661 108
1713 103
2153 100
2390 94
2416 93
2804 92
2928 88
3294 87
3632 86
4018 85
4196 84
4282 83
4651 82
5057 81
5384 78
5669 76
Tempo(s): 399.007

i=6		n=200		p=5
19 pontos dominantes
17 140
30 139
41 135
45 120
75 117
86 112
103 111
132 108
149 104
173 103
252 99
311 98
326 96
479 93
509 92
626 89
689 86
1380 85
1385 84
Tempo(s): 1243.55

i=6		n=200		p=10
26 pontos dominantes
17 140
30 139
41 135
45 120
75 117
86 112
103 111
132 108
149 104
173 103
252 99
311 98
326 96
479 93
509 92
534 86
575 85
627 83
702 80
1138 79
1196 78
1240 77
1294 73
1837 72
2325 71
2333 70
Tempo(s): 1966.38

i=6		n=200		p=15
37 pontos dominantes
17 140
30 139
41 135
45 120
75 117
86 112
103 111
132 108
149 104
173 103
252 99
311 98
326 96
479 93
509 92
534 86
575 85
627 83
702 80
1138 79
1196 78
1240 77
1294 73
1801 72
2204 71
2212 70
2263 69
2446 68
2625 66
2745 65
2898 64
3032 63
4075 62
4134 61
5633 60
6235 59
6779 58
Tempo(s): 3524.2

