i=1		n=100		p=5
15 pontos dominantes
13 210
68 199
80 190
133 184
160 175
200 162
213 155
267 150
412 142
426 140
546 136
642 130
709 129
824 128
1232 127
Tempo(s): 246.5

i=1		n=100		p=10
19 pontos dominantes
13 210
80 190
93 186
185 173
200 162
267 150
399 144
546 136
741 128
794 123
1037 112
1528 110
1704 105
2100 102
2256 101
2668 99
2872 98
3316 95
3905 91
Tempo(s): 254.703

i=1		n=100		p=15
18 pontos dominantes
13 210
80 190
155 183
200 162
213 155
399 144
546 136
642 130
830 118
1037 112
1506 105
1618 102
1902 95
2682 90
2722 89
3321 87
3488 84
5545 79
Tempo(s): 234.529

i=2		n=100		p=5
14 pontos dominantes
14 282
15 248
30 215
51 200
121 191
142 188
158 169
215 166
279 153
300 145
570 141
800 138
940 137
1202 128
Tempo(s): 222.732

i=2		n=100		p=10
17 pontos dominantes
14 282
15 248
21 245
30 215
45 206
142 188
158 169
279 153
300 145
684 137
771 130
927 123
1456 112
1624 108
2071 102
3128 100
3673 98
Tempo(s): 269.606

i=2		n=100		p=15
19 pontos dominantes
14 282
15 248
30 215
51 200
157 182
279 153
300 145
570 141
927 123
1206 120
1456 112
1896 102
2043 98
2340 97
2927 96
3183 95
4101 86
4602 85
5207 83
Tempo(s): 244.307

