
13 210
1232 127
824 128
824 128   1232 127
13 210   824 128


824 128
1232 127

13 210
824 128
709 129
709 129   824 128
13 210   709 129


709 129
824 128

13 210
709 129
642 130
642 130   709 129
13 210   642 130


642 130
709 129

13 210
642 130
546 136
546 136   642 130
13 210   546 136


546 136
642 130

13 210
546 136
426 140
426 140   546 136
13 210   426 140


426 140
546 136

13 210
426 140
412 142
412 142   426 140
13 210   412 142


412 142
426 140

13 210
412 142
399 144
399 144   412 142
13 210   399 144


399 144
412 142

13 210
399 144
267 150
267 150   399 144
13 210   267 150


267 150
399 144

13 210
267 150
263 154
263 154   267 150
13 210   263 154


263 154
267 150

13 210
263 154
213 155
213 155   263 154
13 210   213 155


213 155
263 154

13 210
213 155
200 162
200 162   213 155
13 210   200 162


200 162
213 155

13 210
200 162
185 173
185 173   200 162
13 210   185 173


185 173
200 162

13 210
185 173
160 175
160 175   185 173
13 210   160 175


160 175
185 173

13 210
160 175
155 183
155 183   160 175
13 210   155 183


155 183
160 175

13 210
155 183
133 184
133 184   155 183
13 210   133 184


133 184
155 183

13 210
133 184
93 186
93 186   133 184
13 210   93 186


93 186
133 184

13 210
93 186
80 190
80 190   93 186
13 210   80 190


80 190
93 186

13 210
80 190
68 199
68 199   80 190
13 210   68 199


68 199
80 190

13 210
68 199

14 282
1202 128
1150 130
1150 130   1202 128
14 282   1150 130


1150 130
1202 128