i=1		n=100		p=5
20 pontos dominantes
13 210
68 199
80 190
93 186
133 184
155 183
160 175
185 173
200 162
213 155
263 154
267 150
399 144
412 142
426 140
546 136
642 130
709 129
824 128
1232 127
Tempo(s): 222.717

i=2		n=100		p=5
20 pontos dominantes
14 282
15 248
21 245
30 215
45 206
51 200
57 199
66 198
121 191
142 188
157 182
158 169
215 166
279 153
300 145
570 141
800 138
940 137
1150 130
1202 128
Tempo(s): 199.966

i=3		n=100		p=5
19 pontos dominantes
10 285
19 268
29 244
71 225
250 217
316 201
326 195
452 186
721 180
765 175
780 170
810 164
1012 147
1257 146
1366 145
1432 137
1651 134
1992 129
2421 127
Tempo(s): 256.747

i=4		n=100		p=5
18 pontos dominantes
39 272
43 258
82 255
125 204
164 197
178 196
305 195
330 182
410 180
444 173
460 169
524 161
582 158
741 154
828 147
935 142
949 140
2005 135
Tempo(s): 215.128

i=5		n=100		p=5
