i=1		n=100		p=5
20 pontos dominantes
13 210
68 199
80 190
93 186
133 184
155 183
160 175
185 173
200 162
213 155
263 154
267 150
399 144
412 142
426 140
546 136
642 130
709 129
824 128
1232 127
Tempo(s): 68.129

i=1		n=100		p=10
39 pontos dominantes
13 210
68 199
80 190
93 186
133 184
155 183
160 175
185 173
200 162
213 155
263 154
267 150
399 144
412 142
426 140
546 136
642 130
709 129
741 128
794 123
808 122
831 118
887 116
1037 112
1405 111
1528 110
1586 108
1589 107
1651 106
1704 105
2017 103
2100 102
2256 101
2567 100
2668 99
2872 98
3316 95
3738 93
3905 91
Tempo(s): 138.066

i=1		n=100		p=15
44 pontos dominantes
13 210
68 199
80 190
93 186
133 184
155 183
160 175
185 173
200 162
213 155
263 154
267 150
399 144
412 142
426 140
546 136
642 130
709 129
741 128
794 123
808 122
831 118
887 116
1037 112
1405 111
1441 110
1444 107
1506 105
1552 103
1618 102
1716 98
1896 97
1902 95
2294 94
2310 93
2682 90
2722 89
3181 88
3321 87
3400 85
3488 84
5117 82
5290 81
5545 79
Tempo(s): 145.884

i=2		n=100		p=5
