i=1		n=100		p=5
9 pontos dominantes
13 299
68 200
80 190
160 180
200 170
213 160
267 150
426 140
642 130
Tempo(s): 59.035

i=1		n=100		p=10
12 pontos dominantes
13 299
68 200
80 190
160 180
200 170
213 160
267 150
426 140
642 130
831 120
1528 110
2567 100
Tempo(s): 75.057

i=1		n=100		p=15
14 pontos dominantes
13 299
68 200
80 190
160 180
200 170
213 160
267 150
426 140
642 130
831 120
1441 110
1716 100
2682 90
5545 80
Tempo(s): 86.491

i=2		n=100		p=5
12 pontos dominantes
14 316
15 272
30 242
45 212
51 202
121 192
157 182
158 172
279 162
300 152
570 142
1150 132
Tempo(s): 101.744

i=2		n=100		p=10
15 pontos dominantes
14 316
15 272
30 242
45 212
51 202
121 192
157 182
158 172
279 162
300 152
570 142
771 132
1206 122
1456 112
2071 102
Tempo(s): 129.004

i=2		n=100		p=15
16 pontos dominantes
14 316
15 272
30 242
45 212
51 202
121 192
157 182
158 172
279 162
300 152
570 142
771 132
1206 122
1456 112
1896 102
3838 92
Tempo(s): 123.481

