i=1		n=100		p=5
20 pontos dominantes
13 210
68 199
80 190
93 186
133 184
155 183
160 175
185 173
200 162
213 155
263 154
267 150
399 144
412 142
426 140
546 136
642 130
709 129
824 128
1232 127
Tempo(s): 584.443

i=1		n=100		p=10
39 pontos dominantes
13 210
68 199
80 190
93 186
133 184
155 183
160 175
185 173
200 162
213 155
263 154
267 150
399 144
412 142
426 140
546 136
642 130
709 129
741 128
794 123
808 122
831 118
887 116
1037 112
1405 111
1528 110
1586 108
1589 107
1651 106
1704 105
2017 103
2100 102
2256 101
2567 100
2668 99
2872 98
3316 95
3738 93
3905 91
Tempo(s): 1090.43

i=2		n=100		p=5
20 pontos dominantes
14 282
15 248
21 245
30 215
45 206
51 200
57 199
66 198
121 191
142 188
157 182
158 169
215 166
279 153
300 145
570 141
800 138
940 137
1150 130
1202 128
Tempo(s): 746.78

i=2		n=100		p=10
33 pontos dominantes
14 282
15 248
21 245
30 215
45 206
51 200
57 199
66 198
121 191
142 188
157 182
158 169
215 166
279 153
300 145
570 141
684 137
757 136
771 130
809 126
927 123
1206 120
1220 119
1287 118
1345 117
1456 112
1624 108
1914 107
1946 105
2071 102
2947 101
3128 100
3673 98
Tempo(s): 1223.9

i=3		n=100		p=5
19 pontos dominantes
10 285
19 268
29 244
71 225
250 217
316 201
326 195
452 186
721 180
765 175
780 170
810 164
1012 147
1257 146
1366 145
1432 137
1651 134
1992 129
2421 127
Tempo(s): 817.301

i=3		n=100		p=10
44 pontos dominantes
10 285
19 268
29 244
71 225
250 217
316 201
326 195
452 186
721 180
765 175
780 170
810 164
900 157
930 152
982 148
1012 147
1034 143
1043 142
1090 137
1179 134
1327 131
1346 128
1439 120
1904 119
1920 116
1997 114
2169 113
2181 112
2234 110
2262 108
2264 107
2271 106
2545 105
2600 104
2779 103
3000 102
3116 101
3267 100
3302 99
3652 98
3805 97
4474 96
4688 95
5067 93
Tempo(s): 1529.16

i=4		n=100		p=5
18 pontos dominantes
39 272
43 258
82 255
125 204
164 197
178 196
305 195
330 182
410 180
444 173
460 169
524 161
582 158
741 154
828 147
935 142
949 140
2005 135
Tempo(s): 651.609

i=4		n=100		p=10
35 pontos dominantes
39 272
43 258
82 255
125 204
164 197
178 196
305 195
330 182
410 180
444 173
460 169
524 161
582 158
741 154
828 147
935 142
949 140
1153 139
1454 138
1455 134
1493 133
1546 130
1652 128
1701 125
1904 122
2069 120
2174 117
2196 115
2768 114
3258 112
3493 111
3521 109
4000 108
4453 107
4529 102
Tempo(s): 1281.31

i=5		n=100		p=5
21 pontos dominantes
28 254
33 215
61 173
73 162
107 157
158 155
159 152
232 151
297 150
417 146
429 143
430 142
551 129
603 128
669 127
932 124
1070 122
1200 121
1270 119
1351 118
2074 116
Tempo(s): 716.114

i=5		n=100		p=10
