i=1		n=100		p=5
20 pontos dominantes
13 210
68 199
80 190
93 186
133 184
155 183
160 175
185 173
200 162
213 155
263 154
267 150
399 144
412 142
426 140
546 136
642 130
709 129
824 128
1232 127
Tempo(s): 246.12

i=1		n=100		p=10
39 pontos dominantes
13 210
68 199
80 190
93 186
133 184
155 183
160 175
185 173
200 162
213 155
263 154
267 150
399 144
412 142
426 140
546 136
642 130
709 129
741 128
794 123
808 122
830 118
887 116
1037 112
1404 111
1528 110
1586 108
1589 107
1651 106
1704 105
2017 103
2100 102
2256 101
2566 100
2668 99
2872 98
3316 95
3738 93
3905 91
Tempo(s): 554.072

i=1		n=100		p=15
44 pontos dominantes
13 210
68 199
80 190
93 186
133 184
155 183
160 175
185 173
200 162
213 155
263 154
267 150
399 144
412 142
426 140
546 136
642 130
709 129
741 128
794 123
808 122
830 118
887 116
1037 112
1405 111
1440 110
1444 107
1506 105
1552 103
1618 102
1716 98
1896 97
1902 95
2294 94
2310 93
2682 90
2722 89
3181 88
3321 87
3399 85
3488 84
5117 82
5290 81
5545 79
Tempo(s): 605.891

i=2		n=100		p=5
20 pontos dominantes
14 282
15 248
21 245
30 215
45 206
51 200
57 199
66 198
121 191
142 188
157 182
158 169
215 166
279 153
300 145
570 141
800 138
940 137
1150 130
1202 128
Tempo(s): 224.565

i=2		n=100		p=10
33 pontos dominantes
14 282
15 248
21 245
30 215
45 206
51 200
57 199
66 198
121 191
142 188
157 182
158 169
215 166
279 153
300 145
570 141
684 137
757 136
771 130
809 126
927 123
1206 119
1220 119
1287 118
1345 117
1456 112
1624 108
1914 107
1946 105
2071 102
2947 101
3128 100
3673 98
Tempo(s): 451.159

i=2		n=100		p=15
44 pontos dominantes
14 282
15 248
21 245
30 215
45 206
51 200
57 199
66 198
121 191
142 188
157 182
158 169
215 166
279 153
300 145
570 141
684 137
757 136
771 130
809 126
927 123
1206 120
1220 119
1287 118
1345 117
1456 112
1624 108
1732 105
1749 104
1896 102
1932 99
2043 98
2339 96
2927 96
3182 95
3684 93
3838 91
3847 90
3866 88
3977 87
4101 86
4602 85
5069 84
5207 83
Tempo(s): 615.475

