i=1		n=100		p=5
20 pontos dominantes
13 210
68 199
80 190
93 186
133 184
155 183
160 175
185 173
200 162
213 155
263 154
267 150
399 144
412 142
426 140
546 136
642 130
709 129
824 128
1232 127
Tempo(s): 193.953

i=1		n=100		p=10
39 pontos dominantes
13 210
68 199
80 190
93 186
133 184
155 183
160 175
185 173
200 162
213 155
263 154
267 150
399 144
412 142
426 140
546 136
642 130
709 129
741 128
794 123
808 122
831 118
887 116
1037 112
1405 111
1528 110
1586 108
1589 107
1651 106
1704 105
2017 103
2100 102
2256 101
2567 100
2668 99
2872 98
3316 95
3738 93
3905 91
Tempo(s): 663.508

i=2		n=100		p=5
20 pontos dominantes
14 282
15 248
21 245
30 215
45 206
51 200
57 199
66 198
121 191
142 188
157 182
158 169
215 166
279 153
300 145
570 141
800 138
940 137
1150 130
1202 128
Tempo(s): 171.309

i=2		n=100		p=10
33 pontos dominantes
14 282
15 248
21 245
30 215
45 206
51 200
57 199
66 198
121 191
142 188
157 182
158 169
215 166
279 153
300 145
570 141
684 137
757 136
771 130
809 126
927 123
1206 120
1220 119
1287 118
1345 117
1456 112
1624 108
1914 107
1946 105
2071 102
2947 101
3128 100
3673 98
Tempo(s): 486.578

i=3		n=100		p=5
19 pontos dominantes
10 285
19 268
29 244
71 225
250 217
316 201
326 195
452 186
721 180
765 175
780 170
810 164
1012 147
1257 146
1366 145
1432 137
1651 134
1992 129
2421 127
Tempo(s): 355.987

i=3		n=100		p=10
1 pontos dominantes
10 285
Tempo(s): 22.116

i=4		n=100		p=5
18 pontos dominantes
39 272
43 258
82 255
125 204
164 197
178 196
305 195
330 182
410 180
444 173
460 169
524 161
582 158
741 154
828 147
935 142
949 140
2005 135
Tempo(s): 224.666

i=4		n=100		p=10
35 pontos dominantes
39 272
43 258
82 255
125 204
164 197
178 196
305 195
330 182
410 180
444 173
460 169
524 161
582 158
741 154
828 147
935 142
949 140
1153 139
1454 138
1455 134
1493 133
1546 130
1652 128
1701 125
1904 122
2069 120
2174 117
2196 115
2768 114
3258 112
3493 111
3521 109
4000 108
4453 107
4529 102
Tempo(s): 479.527

i=5		n=100		p=5
21 pontos dominantes
28 254
33 215
61 173
73 162
107 157
158 155
159 152
232 151
297 150
417 146
429 143
430 142
551 129
603 128
669 127
932 124
1070 122
1200 121
1270 119
1351 118
2074 116
Tempo(s): 145.706

i=5		n=100		p=10
33 pontos dominantes
28 254
33 215
61 173
73 162
107 157
158 155
159 152
232 151
297 150
417 146
429 143
430 142
551 129
603 128
669 127
875 125
932 124
956 122
1119 120
1138 119
1303 118
1375 117
1520 115
1540 112
1621 109
1661 108
1713 103
2153 100
2390 94
2416 93
2865 92
2966 91
3450 90
Tempo(s): 284.389

i=6		n=200		p=5
19 pontos dominantes
17 140
30 139
41 135
45 120
75 117
86 112
103 111
132 108
149 104
173 103
252 99
311 98
326 96
479 93
509 92
626 89
689 86
1380 85
1385 84
Tempo(s): 1207.38

i=6		n=200		p=10
26 pontos dominantes
17 140
30 139
41 135
45 120
75 117
86 112
103 111
132 108
149 104
173 103
252 99
311 98
326 96
479 93
509 92
534 86
575 85
627 83
702 80
1138 79
1196 78
1240 77
1294 73
1837 72
2325 71
2333 70
Tempo(s): 1725.42

