i=1		n=100		p=5
20 pontos dominantes
13 210
68 199
80 190
93 186
133 184
155 183
160 175
185 173
200 162
213 155
263 154
267 150
399 144
412 142
426 140
546 136
642 130
709 129
824 128
1232 127
Tempo(s): 190.736

i=1		n=100		p=10
39 pontos dominantes
13 210
68 199
80 190
93 186
133 184
155 183
160 175
185 173
200 162
213 155
263 154
267 150
399 144
412 142
426 140
546 136
642 130
709 129
741 128
794 123
808 122
831 118
887 116
1037 112
1405 111
1528 110
1586 108
1589 107
1651 106
1704 105
2017 103
2100 102
2256 101
2567 100
2668 99
2872 98
3316 95
3738 93
3905 91
Tempo(s): 484.248

i=2		n=100		p=5
20 pontos dominantes
14 282
15 248
21 245
30 215
45 206
51 200
57 199
66 198
121 191
142 188
157 182
158 169
215 166
279 153
300 145
570 141
800 138
940 137
1150 130
1202 128
Tempo(s): 253.397

i=2		n=100		p=10
32 pontos dominantes
14 282
15 248
21 245
30 215
45 206
51 200
57 199
66 198
121 191
142 188
157 182
158 169
215 166
279 153
300 145
570 141
684 137
757 136
771 130
809 126
927 123
1206 119
1287 118
1345 117
1456 112
1624 108
1914 107
1946 105
2071 102
2947 101
3128 100
3673 98
Tempo(s): 425.513

i=3		n=100		p=5
19 pontos dominantes
10 285
19 268
29 244
71 225
250 217
316 201
326 195
452 186
721 180
765 175
780 170
810 164
1012 147
1257 146
1366 145
1432 137
1651 134
1992 129
2421 127
Tempo(s): 257.112

i=3		n=100		p=10
1 pontos dominantes
10 285
Tempo(s): 18.005

i=4		n=100		p=5
