1 0 0 127 23.074
1 0 1 127 361.525
1 0 2 127 28.677
1 0 3 127 11.612
1 1 0 91 14.697
1 1 1 91 54.738
1 1 2 91 11.6
1 1 3 91 7.287
1 2 0 79 6.107
1 2 1 79 120.56
1 2 2 79 8.506
1 2 3 79 4.883
1 3 0 70 5.292
1 3 1 70 80.708
1 3 2 70 10.755
1 3 3 70 3.863
1 4 0 53 3.378
1 4 1 53 21.82
1 4 2 53 8.433
1 4 3 53 2.997
2 0 0 128 12.095
2 0 1 128 121.38
2 0 2 128 15.623
2 0 3 128 6.346
2 1 0 98 19.638
2 1 1 98 105.352
2 1 2 98 20.142
2 1 3 98 6.906
2 2 0 83 9.658
2 2 1 83 204.057
2 2 2 83 10.608
2 2 3 83 6.465
2 3 0 75 7.601
2 3 1 75 268.603
2 3 2 75 10.833
2 3 3 75 4.792
2 4 0 54 3.747
2 4 1 54 34.067
2 4 2 54 9.003
2 4 3 54 1.944
3 0 0 127 14.853
3 0 1 127 130.439
3 0 2 127 17.023
3 0 3 127 8.215
3 1 0 93 16.659
3 1 1 93 52.12
3 1 2 93 13.974
3 1 3 93 3.855
3 2 0 85 5.749
3 2 1 85 376.098
3 2 2 85 13.822
3 2 3 85 8.144
3 3 0 71 5.446
