n  p medianas  Classico    CalikTansel  CP1  CP2
  127  127
  91  91
  79  79
  70  70
  53  53
  128  128
  98  98
  83  83
  75  75
  54  54
  127  127
  93  93
  85  85
  71  71
  55  55
  135  135
  102  102
  84  84
  74  74
  61  61
  116  116
  90  90
  76  76
  66  66
  49  49
  84  84
  70  70
  58  58
  49  49
  41  41
  80  80
  64  64
  56  56
  50  50
  41  41
  90  90
  71  71
  64  64
  55  55
  44  44
  82  82
  68  68
  60  60
  52  52
  44  44
  70  70
  56  56
  48  48
  44  44
  34  34
  59  59
  50  50
  44  44
  40  40
  34  34
  63  63
  51  51
  45  45
  42  42
  35  35
  60  60
  49  49
  45  45
  41  41
  36  36
  68  68
  56  56
  48  48
  43  43
  36  36
  59  59
  47  47
  43  43
  39  39
  34  34
  47  47
  42  42
  36  36
  33  33
  28  28
  45  45
  39  39
  35  35
  33  33
  27  27
  53  53
  44  44
