n  p medianas  Classico    CalikTansel  CP1  CP2
1  5  11.854  4.95
1  10  5.474  1.099
1  15  5.382  1.919
1  20  4.484  1.208
1  30  3.043  0.6
2  5  6.81  2.65
2  10  6.233  2.227
2  15  5.727  1.787
2  20  4.693  1.502
2  30  2.105  0.663
3  5  7.922  4.127
3  10  4.488  2.474
3  15  7.454  1.776
3  20  4.292  1.4
3  30  4.208  0.972
4  5  8.447  4.636
4  10  8.911  2.538
4  15  4.003  1.601
4  20  5.776  1.751
4  30  4.305  1.164
5  5  4.092  1.463
5  10  4.089  1.646
5  15  3.726  1.487
5  20  3.335  1.061
5  30  2.933  0.924
6  5  39.669  9.567
6  10  60.275  15.098
6  15  38.411  17.615
6  20  36.566  9.716
6  30  38.272  7.665
7  5  33.671  23.313
7  10  48.315  9.648
7  15  33.999  12.317
7  20  80.227  7.586
7  30  45.3  7.216
8  5  24.487  8.923
8  10  27.575  11.453
8  15  50.202  13.03
8  20  35.957  16.938
8  30  58.05  12.394
9  5  26.75  11.766
9  10  27.934  15.919
9  15  54.636  10.241
9  20  42.278  16.497
9  30  54.681  17.159
10  5  14.606  8.237
10  10  15.249  14.274
10  15  37.364  9.634
10  20  44.418  9.746
10  30  40.722  8.497
11  5  61.513  17.477
11  10  92.693  20.078
11  15  188.791  64.225
11  20  144.175  29.486
11  30  135.104  17.243
12  5  73.17  24.098
12  10  95.463  26.398
12  15  77.299  18.706
12  20  166.933  35.141
12  30  137.477  30.4
13  5  68.963  16.758
13  10  71.617  20.76
13  15  103.848  26.307
13  20  148.496  14.058
13  30  264.185  26.628
14  5  57.484  26.591
14  10  94.402  46.146
14  15  130.013  44.611
14  20  141.99  34.745
14  30  243.694  31.086
15  5  48.899  12.056
15  10  46.38  11.25
15  15  153.478  21.22
15  20  125.512  25.792
15  30  126.138  33.482
16  5  67.585  21.194
16  10  138.239  37.42
16  15  117.302  40.713
16  20  195.89  50.359
16  30  339.268  41.888
17  5  114.957  22.679
17  10  85.004  24.908
17  15  223.811  42.253
17  20